344 74.81 245.336 306545.30058
109 269.99 224.056 323900.05578
420 341.41 205.148 326989.29762
59 165.65 259.382 363835.03212
419 341.02 228.165 376590.976525
58 209.17 297.638 486693.98412
302 131.81 311.452 502385.61762
437 254.96 310.22 546186.8436
415 367.63 290.024 555721.41978
304 108.39 346.61 612440.8526
416 360.38 311.922 616350.41482
159 70.42 354.94 634870.9944
418 416.03 306.524 642865.77378
421 303.03 335.852 655810.01042
225 286.47 346.306 681704.28908
404 272.33 350.494 688393.84908
200 146.36 367.324 696055.85448
160 75.43 375.012 708859.68562
392 258.21 358.896 710704.09818
18 401.16 340.95 742163.8581
436 222.29 399.698 848205.30012
16 429.98 376.97 895414.7049
61 280.77 405.17 899645.4374
194 182.89 428.818 952873.13772
145 191.19 428.69 955429.1966
417 380.67 404.436 962752.03938
34 469.78 393.098 993323.43642
422 163.42 444.012 1012439.37712
390 343.52 429.018 1038288.21202
147 174.51 452.772 1055466.16002
158 88.9 461.896 1074642.78408
403 403.59 436.766 1116707.58188
163 55.1 475.924 1135554.27888
6 410.93 440.978 1141171.44732
275 177.39 471.938 1145094.59132
424 132.36 476.216 1151427.56288
405 431.41 450.074 1198947.61548
287 209.04 484.684 1218290.62088
401 458.41 451.718 1230385.48572
374 399.41 472.606 1276310.50428
108 367.97 478.11 1278347.7814
425 151.95 502.138 1283801.65772
62 323.47 485.638 1283854.17612
57 285.76 493.662 1300169.62882
388 354.46 491.622 1334102.84602
60 369.02 490.912 1341148.71912
413 535.48 459.7 1343359.2804
29 397.13 487.63 1346627.3214
399 412.95 485.428 1348729.41842
398 271.99 506.114 1354735.46508
312 114.19 519.888 1364457.01882
260 389.03 495.791 1380387.9193
221 405.26 493.306 1380989.71578
15 364.85 501.333 1389789.40694
112 345.18 505.108 1394819.69072
301 295.42 512.606 1401097.53258
110 402.46 502.821 1426118.8418
328 286.15 520.436 1436149.97298
8 438.16 504.681 1465498.7444
400 393.3 515.764 1484747.40848
412 482.77 502.126 1493719.47228
198 132.36 548.656 1522636.20128
131 627.08 476.548 1528719.30792
289 255.24 543.183 1540386.31505
329 355.07 532.584 1544303.29018
202 257.33 545.998 1556787.80892
255 361.04 538.964 1582760.84808
423 168.0 569.042 1647267.98882
414 498.33 532.928 1668394.05482
20 298.79 562.968 1673940.30922
130 593.21 519.624 1701943.61098
9 459.13 547.04 1707064.1649
180 410.43 564.646 1762578.31148
33 465.53 556.682 1766192.42652
56 434.42 565.44 1787332.7044
313 224.01 589.997 1790662.78015
70 517.8 554.322 1804481.23842
411 482.77 573.006 1874746.25308
11 420.24 585.022 1887855.36002
1 423.69 589.518 1917170.57772
391 402.63 597.476 1946998.76978
116 454.37 591.175 1953891.50002
73 493.28 585.33 1956381.2029
408 492.09 586.616 1962744.22538
223 529.13 580.16 1962906.6849
123 400.06 602.01 1972128.2041
74 452.79 598.81 1997885.8646
251 172.36 629.906 2013615.81378
150 176.76 635.079 2047870.77881
239 198.6 635.388 2058031.51272
426 190.8 637.66 2069456.018
384 493.65 609.778 2102836.36892
299 248.32 639.444 2106105.96808
31 598.36 591.81 2109230.0701
387 531.07 606.114 2118906.24988
72 588.98 597.742 2133374.93322
195 176.53 649.844 2142648.96258
386 454.97 622.736 2145998.32938
27 342.24 637.478 2149019.22002
54 322.25 639.734 2150143.01628
19 391.35 632.596 2154043.31858
331 448.73 630.196 2187093.60498
429 176.1 657.044 2189545.29968
14 426.42 634.33 2193706.7609
409 612.39 611.608 2245343.24042
188 109.26 668.552 2246746.63112
280 113.47 669.598 2254682.84892
133 458.34 645.428 2292962.07152
5 552.91 633.599 2312947.93211
170 108.38 680.712 2328590.35912
402 418.81 658.474 2343341.85948
178 378.95 664.91 2354129.643
63 362.18 667.414 2358381.58938
217 431.07 662.876 2382844.30178
288 256.41 686.79 2424148.6086
2 504.01 664.888 2464406.34282
237 229.24 697.903 2487893.96465
389 393.47 685.11 2501697.2014
203 276.24 696.916 2504768.09288
345 156.65 713.114 2567197.10748
303 221.49 721.578 2652431.87052
347 211.81 722.744 2656657.92378
146 271.27 718.858 2657371.53372
17 498.29 703.652 2723923.60962
277 224.41 735.268 2753455.00722
394 367.08 723.85 2754541.8389
433 283.12 733.458 2769960.12322
106 305.36 734.482 2790563.77122
300 223.15 741.332 2797661.59362
199 146.33 752.48 2852543.2209
39 384.54 736.096 2857057.61768
214 262.25 748.146 2867387.24908
341 181.36 756.294 2892794.52178
127 658.35 706.068 2926084.82562
132 557.87 726.266 2948530.45068
375 553.0 730.004 2970338.20008
385 577.18 726.424 2971595.89128
428 206.52 768.026 2991970.19378
350 126.16 774.354 3014036.93218
107 305.45 765.084 3020067.33778
90 278.07 777.96 3103431.7329
353 170.62 785.802 3116535.10042
332 415.71 773.034 3160722.62988
201 201.97 790.58 3165875.5629
65 344.03 782.178 3177368.75932
151 142.0 795.659 3185530.2214
397 309.76 786.93 3192245.3821
305 256.42 793.452 3213581.59792
393 391.71 782.988 3218787.76482
226 300.8 796.444 3262095.86568
276 150.05 817.798 3366482.84652
55 417.35 800.08 3374821.0545
342 224.35 817.28 3390065.9145
326 363.94 807.804 3395188.83568
410 555.75 786.278 3400023.52892
333 256.49 817.516 3407449.17138
156 134.55 823.929 3412398.68771
152 105.25 824.995 3414161.31263
236 258.94 832.292 3530599.78992
432 270.9 831.7 3532011.26
234 104.25 842.684 3561449.68178
7 434.35 821.994 3567030.60268
53 324.74 833.886 3582285.37258
113 505.63 817.514 3597307.39788
306 187.89 846.778 3620467.55852
274 132.18 851.25 3640604.3649
382 501.41 824.032 3646555.67322
135 375.79 846.114 3720762.62908
213 318.1 851.382 3725444.15962
119 329.21 854.708 3761008.05042
220 488.21 841.53 3779212.7086
364 262.24 863.888 3800282.20032
210 286.93 864.252 3816986.42242
120 439.06 852.186 3823878.57658
406 702.59 819.95 3855222.7206
283 203.55 873.366 3855273.45228
111 381.41 867.193 3905592.08435
298 184.62 881.038 3915224.33162
257 574.48 848.458 3929432.15922
85 145.8 884.742 3935099.67282
69 519.38 862.87 3992478.7689
181 244.69 887.924 4001918.34498
189 158.74 892.304 4006230.52968
376 576.32 857.82 4011420.5044
395 471.92 871.854 4023355.47298
206 375.36 882.912 4038563.12832
71 643.54 856.918 4085686.02522
36 567.65 868.4 4092819.3225
346 250.65 900.226 4114859.67788
222 501.46 883.7 4156090.5816
13 551.9 878.672 4164916.02792
268 122.13 914.516 4196613.30818
371 455.85 894.86 4211671.3205
235 192.17 914.754 4220803.71148
380 609.69 879.89 4242753.9566
256 420.83 904.198 4264968.00492
52 276.75 916.354 4275113.82908
30 565.75 889.514 4276248.84348
254 422.68 906.398 4286445.05442
396 501.0 902.11 4320013.2605
76 580.15 893.356 4326998.73618
315 213.57 927.573 4347570.49655
240 135.16 935.24 4391637.5136
174 333.82 925.286 4392206.70138
349 322.69 927.041 4401153.91451
383 620.77 900.02 4435535.3949
407 555.21 909.13 4440844.9286
161 115.96 949.73 4523382.0861
67 589.8 923.208 4609429.09632
340 331.66 952.646 4647670.36218
259 453.87 950.999 4727993.4669
263 303.44 965.111 4749272.0452
94 167.62 975.84 4789414.9924
177 413.56 961.664 4795020.11808
144 229.03 975.152 4807061.85642
435 329.06 970.438 4817030.04282
218 445.53 967.06 4874522.1989
12 382.16 979.993 4947977.66584
365 139.36 996.0 4979501.2096
95 348.99 987.278 4995383.26652
361 119.74 999.02 5004542.4696
28 416.95 983.15 5006766.915
343 347.64 990.274 5024066.54498
171 202.34 1002.71 5068078.1961
261 662.31 963.755 5082773.03623
297 131.11 1014.654 5164803.53068
126 643.17 977.17 5187973.6934
79 440.01 1000.136 5194968.89258
35 609.94 987.264 5245477.83208
124 531.14 1007.884 5361260.48688
379 578.56 1006.132 5396239.68072
316 317.6 1032.317 5429261.70245
327 464.54 1023.724 5455851.55248
279 173.38 1044.342 5483311.68922
367 336.32 1039.158 5512357.88722
46 79.36 1052.412 5544153.09832
115 474.87 1032.265 5553356.66803
290 291.79 1046.679 5562826.04931
284 225.01 1050.322 5566511.01852
219 439.43 1037.83 5578554.2694
317 186.15 1054.045 5589706.13262
141 134.99 1058.376 5619021.08698
207 202.65 1057.268 5630145.14162
22 370.31 1048.636 5635316.79858
80 410.99 1048.3 5663577.2301
319 169.22 1067.25 5723748.2209
307 307.02 1063.07 5744850.4049
142 210.53 1072.484 5795432.53218
75 502.01 1053.194 5798102.04828
348 289.49 1071.392 5823208.54842
381 536.53 1054.026 5842718.48428
148 284.68 1075.849 5868298.05641
238 226.77 1078.814 5870622.86588
369 275.09 1085.908 5971655.43042
103 236.3 1087.75 5971838.0025
430 249.16 1087.356 5973796.05928
134 419.34 1079.76 6005254.3236
209 311.76 1088.644 6022923.09128
373 536.8 1072.044 6034545.92968
309 265.07 1099.866 6118788.19468
338 108.48 1109.548 6167251.73192
377 563.77 1085.38 6208085.3349
215 232.07 1110.16 6216132.6129
193 217.87 1112.922 6240444.22732
32 594.02 1086.706 6257509.41258
100 203.17 1117.839 6289098.1985
427 272.11 1119.874 6344632.73148
314 263.46 1121.843 6362069.75484
292 405.93 1119.94 6436107.1829
105 251.51 1129.132 6437952.64722
370 508.2 1112.5 6446548.49
172 120.13 1135.342 6459438.50172
83 508.22 1120.538 6536314.61562
162 167.72 1144.066 6572565.06018
339 179.14 1144.524 6581767.07248
122 422.56 1137.318 6646018.11922
368 304.3 1144.918 6646784.62362
363 160.23 1151.416 6654467.67818
205 258.2 1149.814 6677028.41298
325 368.71 1144.894 6689858.42028
190 158.97 1162.395 6781082.14103
140 130.95 1168.02 6838501.5045
378 427.55 1155.682 6860803.42812
78 409.71 1157.898 6871501.17612
117 512.87 1152.541 6904789.42031
434 425.36 1162.144 6933824.51328
84 184.67 1176.768 6958017.63802
233 136.72 1178.332 6961023.86952
216 401.47 1167.399 6975280.2869
128 706.51 1141.852 7018286.32962
185 87.99 1184.22 7019627.2821
310 210.0 1186.472 7082679.03392
311 152.34 1189.532 7098139.37072
308 276.83 1187.846 7131525.44748
272 327.29 1196.558 7265873.98092
64 445.62 1189.786 7276530.81338
271 174.39 1214.206 7401892.92428
360 104.71 1221.017 7465376.75555
81 304.55 1214.382 7466368.91212
320 125.19 1226.11 7532401.1966
267 105.2 1228.166 7553025.65778
25 388.51 1219.393 7585536.46234
10 391.81 1220.052 7596149.48962
227 425.28 1220.273 7626194.05104
49 263.52 1240.356 7761857.82408
228 237.35 1241.887 7767751.62635
87 500.76 1228.682 7799057.86322
101 132.42 1262.746 7990172.35898
38 521.41 1244.412 8014674.51682
318 161.57 1265.59 8034695.1054
164 231.4 1265.854 8065477.70658
175 364.23 1262.618 8103684.56252
143 166.62 1283.148 8260106.17392
250 205.78 1288.924 8348970.79728
77 734.62 1252.118 8378663.97402
24 516.77 1277.903 8432231.61995
204 282.74 1303.992 8581917.58792
182 518.73 1301.364 8736822.11538
212 243.81 1324.812 8835077.49282
129 738.01 1288.062 8840177.33932
282 148.59 1329.2 8855942.1881
286 377.27 1320.391 8859494.6173
43 106.5 1330.64 8864356.298
187 202.28 1332.388 8917206.11112
93 425.81 1323.982 8945955.83772
264 109.33 1337.472 8956109.80282
273 233.35 1337.99 9005538.423
82 329.84 1339.63 9081837.1101
96 225.47 1349.026 9150192.46428
258 563.84 1329.209 9151898.37401
92 142.83 1353.986 9186790.84988
3 758.39 1314.5 9214706.6421
291 292.02 1351.623 9219699.35105
179 377.29 1357.966 9362706.02988
21 720.41 1335.003 9430155.61815
41 227.34 1371.508 9456854.44592
431 266.64 1373.302 9500888.80562
86 315.05 1373.818 9536135.98812
285 241.16 1378.701 9562240.3826
356 160.42 1384.298 9607139.34042
323 292.56 1383.202 9651830.21762
114 577.66 1376.894 9812876.51178
359 52.57 1407.62 9909733.9269
224 543.74 1389.486 9949009.90858
281 139.2 1411.826 9985639.91138
183 218.66 1415.7 10068844.6456
232 92.02 1420.602 10099017.8924
270 172.13 1419.544 10105154.5766
118 332.94 1418.074 10165518.391
366 269.18 1424.698 10221279.8284
324 346.0 1441.888 10514921.0227
269 243.1 1453.766 10626275.5238
229 150.37 1467.298 10787428.2409
26 251.54 1466.904 10822309.0977
136 278.38 1466.662 10832982.5356
50 174.48 1474.106 10895385.7666
89 214.83 1484.356 11062715.6026
211 240.26 1484.005 11069079.0677
252 257.09 1493.536 11219344.1846
121 440.42 1496.378 11389705.3708
102 325.62 1504.242 11419748.3572
231 122.16 1512.478 11452871.568
230 137.1 1518.892 11553960.9483
91 577.88 1500.472 11591026.4083
321 122.59 1533.666 11775685.3059
352 180.83 1543.536 11945216.4054
40 558.09 1526.078 11956034.7585
23 339.51 1538.903 11956379.2571
168 217.16 1552.806 12103190.8338
104 124.18 1561.998 12214609.4324
330 465.01 1556.772 12333929.6
176 341.35 1568.35 12415128.435
88 148.93 1575.334 12430566.2027
241 169.47 1575.886 12445803.5059
184 123.74 1600.306 12820208.0558
48 203.53 1611.616 13027955.1182
42 470.03 1612.686 13224708.8739
351 192.72 1626.41 13263188.4389
262 435.11 1618.315 13284037.9082
137 295.15 1626.784 13319244.4358
37 507.31 1620.004 13379428.2362
68 520.24 1619.926 13391450.885
173 295.28 1636.224 13473335.1693
149 279.17 1644.759 13604096.7293
208 231.75 1649.539 13658602.6251
278 185.68 1652.558 13689216.7792
186 129.7 1657.239 13749027.6056
125 410.64 1665.72 14041740.8016
51 235.49 1675.752 14096179.3676
322 307.13 1679.13 14191716.6214
372 550.67 1675.646 14342185.0355
66 488.41 1690.232 14522965.3972
362 86.62 1712.746 14674997.327
253 459.14 1733.41 15234360.6801
97 204.36 1761.816 15561741.0989
47 208.39 2074.58 21562837.2741
4 704.88 2073.745 21998947.4395
138 126.46 2207.182 24374254.0372
