345 159.66 714.281 2576478.05041
346 252.4 901.789 4129822.7626
347 211.28 723.344 2660771.95008
340 333.82 952.672 4649355.49032
341 183.9 756.8 2897550.41
342 226.65 817.777 3395166.33115
343 354.17 992.439 5050112.2325
348 289.11 1071.93 5828754.2166
349 320.84 927.668 4405777.89672
298 184.23 881.146 3916032.05948
299 246.57 639.514 2105687.54588
297 132.08 1014.72 5165728.5184
292 406.47 1119.968 6436859.46602
290 292.29 1046.67 5563023.8886
291 291.99 1351.672 9220344.13802
199 145.95 751.576 2845633.82138
198 130.77 548.244 1519958.21058
195 176.36 649.438 2139951.42882
194 182.85 428.412 951118.33122
190 160.33 1162.969 6788190.1837
193 218.25 1112.28 6233467.0545
270 171.99 1419.476 10104141.133
271 178.65 1214.22 7403566.8645
272 330.38 1164.781 6892724.8342
273 235.23 1337.778 9003583.03932
274 136.84 851.5 3643986.4356
275 180.22 472.016 1146474.76968
276 153.31 818.312 3371676.60282
277 226.51 703.889 2528605.40171
278 187.31 1653.643 13707760.8933
279 174.34 1045.953 5500482.82665
108 367.13 477.63 1275436.5214
109 267.76 223.588 321653.38632
102 324.65 1503.164 11402907.677
103 235.1 1087.712 5970858.98472
100 202.25 1115.519 6262818.25931
101 134.3 1262.68 7989840.402
106 304.87 734.468 2790161.93202
107 304.39 764.603 3015742.01014
104 124.35 1561.928 12213558.3084
105 251.2 1129.106 6437503.23618
39 383.02 736.116 2856038.14768
38 521.33 1244.472 8015337.76282
33 464.73 556.67 1765381.4174
32 592.39 1086.668 6255162.62322
31 597.61 591.838 2108498.80332
30 563.35 889.532 4273699.11762
37 502.69 1620.036 13375280.4426
36 565.86 868.43 4091050.8641
35 609.65 987.272 5245203.13242
34 470.63 393.122 994217.13132
436 218.74 399.55 846048.2001
437 251.47 310.328 544754.49882
434 423.5 1162.014 6930734.93098
435 325.43 970.32 4813509.1969
432 269.89 831.58 3530467.0941
433 280.07 733.324 2767259.64978
430 250.07 1087.056 5970988.74058
431 266.24 1373.352 9501362.31712
339 179.39 1144.566 6582337.41388
338 109.59 1109.552 6167538.17162
331 450.47 630.236 2188910.29938
330 464.53 1556.768 12333421.15
333 258.25 817.51 3408306.063
332 416.9 773.034 3161713.43578
6 408.89 441.09 1139992.9726
91 578.26 1500.482 11591615.7892
90 279.65 777.972 3104406.28642
93 429.67 1323.998 8949469.82892
92 145.18 1353.984 9187440.59368
95 349.86 987.294 4996149.23178
94 168.82 975.842 4789838.23722
97 203.74 1761.806 15561311.8958
96 223.67 1349.086 9150193.44588
238 227.95 1079.606 5879706.77868
239 199.49 635.39 2058398.5206
234 109.15 842.892 3564248.34082
235 197.99 914.946 4224830.95468
236 256.63 832.366 3530024.74668
237 228.4 699.263 2497010.27585
230 136.58 1518.892 11553818.6347
231 122.29 1512.47 11452782.3486
232 92.35 1420.642 10099646.9833
233 136.48 1178.028 6957376.63432
1 424.67 589.53 1918072.7134
146 269.99 719.437 2660842.58494
147 173.43 453.212 1057083.54962
144 231.14 973.911 4795938.8792
145 190.16 429.32 957739.1376
142 214.01 1072.716 5799398.36338
143 169.22 1283.635 8267229.47452
140 131.43 1165.552 6809831.16842
141 138.15 1056.098 5595800.35052
148 283.87 1074.249 5850636.7469
149 279.66 1644.225 13595588.9687
133 460.27 645.43 2294747.8974
132 560.25 726.25 2951075.375
131 628.77 476.55 1530851.2254
130 593.2 528.97 1750932.5445
137 293.99 1626.802 13318853.8561
136 277.51 1466.632 10832058.9172
135 376.45 846.086 3721022.19948
134 421.96 1079.744 6007285.76928
138 125.12 2207.174 24373740.3458
24 517.15 1278.274 8437366.21788
25 389.24 1219.72 7590092.1696
26 251.17 1466.9 10822064.4189
27 341.8 637.452 2148552.50152
20 296.17 563.252 1673980.74642
21 718.04 1335.43 9432447.8661
22 367.2 1048.758 5634302.55282
23 339.06 1538.978 11957228.106
28 416.42 983.16 5006423.5444
29 397.88 487.684 1347486.91368
407 555.26 909.01 4439809.5681
406 703.1 820.054 3856792.42458
405 431.93 449.966 1198910.53068
404 272.86 350.396 688339.36368
403 405.08 436.282 1115799.72402
402 419.66 658.466 2344001.88138
401 461.85 451.718 1233551.18012
400 395.49 515.522 1485227.00252
409 610.67 612.17 2246678.3934
408 491.05 586.706 1962249.75468
379 579.77 1006.344 5399774.48458
378 430.43 1156.126 6868406.62428
371 456.06 894.89 4212131.2841
370 506.13 1112.508 6444537.82722
373 537.9 1072.08 6036114.042
372 552.68 1676.162 14353050.4336
375 558.45 730.03 2976585.407
374 400.42 472.618 1277175.04602
377 569.38 1085.066 6211034.70618
376 581.72 857.834 4017794.01618
393 389.03 783.428 3220141.49682
392 254.31 358.866 708597.60588
88 149.57 1575.326 12430631.2163
89 216.12 1484.392 11063805.9027
397 309.25 787.33 3195078.207
396 501.24 902.12 4320344.0096
395 469.17 872.186 4023662.58188
394 361.3 724.674 2756299.72138
82 332.63 1339.64 9083819.3649
181 244.05 887.912 4001499.00122
80 412.8 1048.284 5664900.56328
81 304.77 1214.33 7465871.4974
86 317.53 1373.792 9537347.59722
87 504.16 1228.734 7803113.51938
84 185.74 1176.762 6958343.37082
85 146.45 884.724 3935130.38338
7 432.65 822.106 3566477.39868
241 170.96 1576.498 12455957.0416
240 137.38 935.578 4395404.23482
179 378.41 1357.963 9363511.67495
178 380.48 664.915 2355324.81652
177 414.21 961.656 4795481.23578
176 343.4 1568.326 12416155.7714
175 365.86 1262.416 8102324.32488
174 333.26 923.064 4371297.96808
173 295.53 1632.942 13419835.8577
172 122.79 1134.204 6447170.95218
171 203.62 1000.166 5043121.24218
170 109.79 678.192 2311775.78842
182 519.73 1301.378 8738042.76732
183 218.16 1415.738 10069164.2088
180 409.51 564.668 1761948.19122
2 505.51 664.922 2466146.69052
186 132.58 1656.191 13732420.5988
187 204.55 1330.544 8893577.38218
184 125.21 1600.054 12816541.5587
185 87.38 1184.214 7019449.25338
188 109.49 668.586 2247024.25708
189 160.32 893.624 4018521.76928
11 417.72 585.0 1885614.9984
10 389.13 1220.05 7594032.1694
13 547.84 878.82 4161751.6276
12 382.56 980.206 4950371.16578
15 364.2 501.784 1391577.55328
14 426.58 634.666 2195975.15418
17 498.6 704.002 2726696.04002
16 430.68 377.118 896575.19202
19 388.23 632.728 2152446.14282
18 400.8 341.134 742502.66978
62 327.35 485.994 1288108.86268
322 305.81 1680.748 14218088.9536
323 292.03 1384.05 9663253.5334
320 124.2 1226.494 7536863.30018
321 121.65 1533.674 11775578.4139
326 362.33 807.818 3394132.63452
327 466.45 1023.764 5458039.24098
324 344.6 1441.876 10513781.1569
325 366.0 1144.904 6687981.84608
328 285.93 520.432 1436003.29802
329 356.07 532.618 1545195.51452
201 203.54 789.753 3159977.53664
200 147.98 366.271 692670.307605
203 277.81 695.677 2497010.83774
202 259.26 545.589 1555552.5322
205 259.79 1149.29 6671828.3646
204 284.01 1302.379 8561616.9783
207 203.5 1054.76 5604005.538
206 376.58 881.966 4031132.62218
209 310.88 1088.432 6020067.46752
208 233.89 1649.018 13651006.3537
77 736.26 1252.147 8381439.33565
76 580.01 893.389 4327131.1267
75 501.92 1053.2 5798074.8864
74 449.81 598.808 1995184.14042
73 492.03 585.342 1955219.80572
72 589.14 597.736 2133527.56808
71 645.84 856.922 4088685.87602
70 520.93 554.329 1807771.2661
79 441.81 1000.124 5196436.15298
78 407.76 1157.892 6869837.63592
8 436.29 504.704 1463979.60218
120 442.39 852.166 3826643.36988
121 440.35 1496.376 11389613.7894
122 423.91 1137.319 6647172.22691
123 398.84 602.014 1971177.62658
124 532.52 1007.846 5362345.34898
125 409.0 1665.693 14039946.8512
126 641.28 986.523 5277378.18605
127 656.93 715.432 2990771.75802
128 707.52 1151.186 7126730.58338
129 737.36 1297.387 8959764.90844
414 496.93 533.002 1667395.08492
415 366.92 289.766 554451.96018
416 357.92 329.006 669331.46658
417 377.7 421.138 1029443.36522
410 552.23 787.212 3403471.63762
411 479.54 573.48 1874355.1636
412 479.54 502.614 1493062.77658
413 534.14 460.248 1344446.64712
418 413.43 323.096 692879.49098
419 338.4 226.948 372041.53352
319 168.58 1068.128 5732906.33832
318 160.49 1265.594 8034397.90428
313 223.58 590.009 1790541.11681
312 113.64 520.042 1365132.45842
311 152.78 1189.706 7100343.56058
310 210.56 1186.778 7086545.62002
317 184.27 1054.053 5589094.06695
316 259.29 942.68 4510459.2161
315 213.39 927.535 4347141.17322
314 262.52 1122.021 6363572.37261
3 761.43 1314.506 9219405.76508
368 302.48 1144.96 6646161.1584
369 273.0 1085.92 5970640.232
366 267.18 1424.746 10220890.975
367 332.57 1039.188 5510161.30162
364 259.01 864.128 3800672.18202
365 138.31 996.056 4979767.43178
362 84.78 1712.768 14675058.7575
363 157.92 1151.466 6654308.47218
360 103.78 1221.41 7469982.2289
361 118.73 999.17 5005800.2574
380 612.96 880.104 4248635.21568
381 538.58 1053.396 5838284.08048
382 502.0 824.0 3646884.0
383 623.19 899.552 4434334.77962
384 494.37 609.322 2100768.19532
385 575.43 725.972 2966296.40882
386 452.58 622.966 2145261.84218
387 528.55 606.618 2119292.09212
388 352.55 492.55 1337319.015
389 391.73 685.928 2505938.49882
60 373.07 492.496 1351942.77498
61 287.12 406.394 908218.31058
258 562.55 1329.174 9149980.11388
259 453.48 950.972 4727382.83432
64 452.97 1190.872 7296062.42282
65 345.65 782.622 3181959.89692
66 489.05 1690.45 14527275.915
67 592.69 923.224 4612994.20698
252 258.65 1493.86 11224988.3205
69 520.88 862.868 3994021.90152
250 206.9 1289.35 8354924.7225
251 173.36 630.46 2017452.7476
256 422.95 904.232 4267064.25162
257 575.06 848.488 3930353.43432
254 425.03 906.84 4292444.4289
255 363.61 539.18 1585787.5941
168 218.97 1550.6 12069749.6609
164 235.68 1263.116 8032855.20968
160 75.71 374.282 706167.08172
161 117.16 947.696 4504365.00768
162 167.36 1141.202 6539719.39362
163 56.14 474.87 1130659.2841
9 457.18 547.048 1705321.12392
356 158.04 1384.92 9614993.6736
353 167.88 786.744 3123014.30208
352 178.93 1544.126 11953641.4643
351 193.67 1627.184 13276146.9182
350 126.32 775.256 3021066.07008
359 52.4 1407.746 9911489.76258
216 401.21 1166.808 6968174.00842
217 431.61 661.964 2377268.87858
214 261.08 746.632 2855459.48352
215 232.07 1108.342 6195966.42972
212 242.31 1324.12 8825183.0081
213 315.73 850.728 3718376.08282
210 286.21 862.276 3799515.66498
211 241.72 1481.828 11037499.6663
218 445.27 963.546 4840369.84348
219 440.92 1035.946 5560331.02098
289 255.55 543.252 1540919.48002
288 258.29 687.479 2429850.60131
4 707.79 2073.81 22004406.2646
281 141.32 1413.42 10008751.8244
280 116.62 670.968 2264590.50952
283 204.17 875.464 3873871.46538
282 151.22 1330.492 8873912.29872
285 242.56 1379.618 9575564.48322
284 228.31 1051.624 5581690.64298
287 210.42 485.644 1223527.05008
286 376.64 1321.416 8872558.91488
263 305.23 965.104 4750294.00698
262 434.74 1618.276 13283084.9285
261 661.36 963.724 5081216.79048
260 387.8 495.76 1379278.728
264 108.4 1337.51 8956415.5605
269 241.0 1454.3 10633023.45
268 121.46 914.54 4196669.5896
59 166.02 260.4 366603.4404
58 208.21 298.594 489143.28828
55 424.47 801.144 3389333.32458
54 326.35 639.81 2153288.503
57 289.55 495.054 1309231.51708
56 437.56 566.426 1795650.82098
51 236.15 1675.74 14096289.5605
50 175.61 1474.106 10895781.3683
53 323.22 833.828 3580816.83632
52 275.93 916.31 4274257.4454
63 365.87 668.622 2369137.75132
115 476.51 1031.027 5542145.15375
68 523.04 1619.896 13393886.0957
117 515.29 1152.503 6906839.60914
116 456.77 590.923 1954588.79255
111 379.09 865.316 3887568.12738
110 398.43 502.026 1418896.98828
113 503.34 816.055 3583079.97073
253 460.88 1733.774 15242271.7898
119 331.32 854.584 3761342.00768
118 335.86 1417.95 10165712.9521
429 174.79 656.634 2186392.59388
428 205.59 767.124 2984663.40498
421 303.88 335.488 655104.04512
420 338.65 204.834 324468.66028
423 166.73 567.86 1640123.7909
422 163.5 442.86 1007357.148
425 152.03 501.076 1278498.90978
424 132.65 474.77 1144628.787
427 273.2 1118.032 6324616.00512
426 191.42 636.586 2062850.29338
308 276.83 1187.864 7131739.26138
309 264.07 1100.062 6120414.98412
300 221.07 741.946 2801291.27948
301 296.06 480.973 1244326.65725
302 132.08 311.756 503404.14408
303 222.8 722.038 2656334.20722
304 110.01 346.83 613557.4446
305 254.19 793.644 3213966.54978
306 185.46 846.436 3616664.92208
307 302.87 1063.602 5747976.30892
229 150.75 1467.318 10787836.1281
228 239.11 1241.57 7764653.9166
227 425.03 1220.312 7626457.38762
226 301.35 796.482 3262729.70412
225 287.52 346.338 682417.80162
224 542.91 1389.496 9948246.93818
223 529.04 579.738 1960364.06482
222 502.53 882.294 4144749.91308
221 405.76 492.246 1376171.80018
220 488.63 840.466 3770674.76268
114 575.58 1375.725 9794388.71453
391 398.58 598.25 1948381.3289
390 341.78 429.53 1039293.6729
151 140.57 794.461 3175601.3275
150 174.99 635.011 2046816.3507
152 105.81 823.599 3402772.32011
156 136.15 821.128 3389792.78442
159 71.84 354.638 634001.54082
158 90.1 461.176 1071534.52488
112 344.1 504.119 1389084.6408
83 511.91 1120.558 6540303.00492
399 415.07 485.23 1349523.8694
398 272.29 506.432 1356508.69722
48 204.15 1611.598 13027917.7905
49 263.79 1240.352 7761950.58362
46 80.58 1052.472 5544979.69032
47 206.32 2074.594 21562269.2666
42 470.55 1612.694 13225326.9907
43 106.02 1330.624 8864041.38728
40 555.89 1526.078 11953584.0025
41 227.22 1371.504 9456745.03848
5 556.08 633.634 2316685.19618
