109 269.17 223.936 323189.14938
420 340.71 205.27 326762.1686
59 165.88 260.074 365708.60178
419 339.33 227.467 373851.029345
58 207.2 298.458 488317.72882
302 134.05 311.802 504071.83852
437 251.36 309.538 542250.71682
415 366.0 289.856 554038.50368
304 108.74 346.552 612315.83112
416 358.8 311.534 614004.60578
159 71.08 355.234 636008.34018
418 414.19 305.694 638797.46428
421 304.67 336.674 659570.72028
225 286.88 346.314 681967.06738
404 271.38 349.676 685013.62928
200 147.44 366.162 692111.60482
160 74.62 374.732 707688.50352
392 254.87 358.818 708710.50252
18 402.34 341.476 744906.76848
436 219.07 399.122 844483.51932
16 432.47 377.242 898587.93372
61 286.7 405.256 903359.01768
194 180.28 428.284 949636.80168
145 191.89 428.76 955997.4601
417 378.4 403.742 958224.57282
34 471.55 393.116 995060.34978
422 164.72 443.98 1012723.8804
390 341.86 429.132 1037639.62672
147 173.88 452.88 1055735.7264
158 88.6 461.614 1073287.38498
403 403.88 435.906 1113189.25858
163 55.53 475.694 1134507.48908
6 406.11 440.942 1137074.56892
275 181.13 472.818 1150592.38252
424 135.13 476.098 1151606.64492
405 428.99 449.246 1193142.26268
287 210.27 485.314 1221861.86588
401 460.28 451.538 1231290.50562
301 298.61 481.773 1249694.04974
108 366.38 477.986 1276587.38538
374 401.84 472.618 1278314.25522
425 155.0 502.166 1284878.45778
62 327.91 485.618 1286649.17772
57 288.93 494.73 1307269.4094
388 353.02 491.706 1333497.07258
413 533.37 459.8 1341563.7569
399 413.21 485.032 1347022.70922
60 372.31 491.866 1348275.54588
29 400.4 487.654 1349352.27858
398 271.37 505.934 1353487.73868
312 113.22 518.994 1359592.62858
221 406.41 492.524 1378068.54098
260 388.7 495.796 1380156.05808
15 364.9 501.448 1390402.49352
112 346.15 504.757 1393717.96775
110 401.23 502.77 1424873.8774
328 285.44 520.434 1435733.73538
8 432.58 501.718 1445730.21402
400 393.78 515.168 1482053.02952
412 478.88 501.982 1489255.69602
198 129.25 548.368 1520242.87962
131 626.71 476.528 1528160.09802
289 256.01 543.223 1540997.25874
329 355.08 532.584 1544310.39168
202 258.93 545.624 1555572.49178
255 360.51 539.2 1583650.6601
423 168.52 569.92 1652443.0224
414 496.84 532.73 1665856.2501
20 297.18 563.07 1673555.0769
9 454.24 544.064 1686362.15808
130 589.8 519.6 1697784.84
180 409.42 564.672 1761897.07432
33 466.04 556.662 1766556.19282
313 224.09 589.542 1788015.17692
56 439.36 565.794 1793651.46178
70 519.43 560.58 1841057.2069
411 478.88 572.698 1869241.05042
11 417.29 584.992 1885209.14442
1 424.59 589.512 1917898.65882
391 400.1 597.776 1946760.74088
408 489.5 585.532 1953848.86512
73 492.54 585.322 1955604.87002
116 457.15 591.045 1955657.08262
223 528.48 579.824 1960270.46528
123 397.71 602.014 1970277.52508
74 451.63 598.79 1996716.9774
251 173.05 630.362 2016727.55772
150 174.22 634.518 2043418.07002
239 197.34 635.272 2056795.64552
426 193.43 637.684 2070619.58418
384 493.17 609.076 2098084.51778
299 246.17 639.82 2107447.8309
31 598.6 591.852 2109765.90952
387 527.95 606.016 2115008.16378
72 589.04 597.722 2133326.06802
195 174.1 649.548 2139873.83152
386 452.21 622.3 2140780.3341
27 342.72 637.45 2149169.5109
54 326.07 639.73 2152594.0094
19 389.49 633.072 2155603.24602
429 176.96 656.592 2186880.11392
331 451.66 630.196 2189731.74768
14 427.74 634.554 2196255.40218
409 609.57 611.2 2239402.7849
188 109.53 668.566 2246899.30268
280 115.76 670.73 2262794.0421
133 459.22 645.43 2293782.4329
5 552.75 633.628 2312954.77442
170 108.62 679.374 2319543.46378
402 418.03 657.728 2337779.69082
178 379.53 664.896 2354476.47498
63 366.3 667.59 2362557.7305
217 434.78 661.977 2380101.39104
288 257.79 687.256 2428059.73178
2 505.64 664.878 2465985.58402
237 227.42 697.437 2483811.70125
203 277.98 695.782 2497835.83802
389 391.12 685.016 2499209.45568
277 227.75 704.544 2533781.30218
345 156.37 714.74 2578717.9149
303 221.91 722.084 2656270.56338
146 269.73 718.946 2657171.02748
347 210.19 723.368 2660486.15322
17 501.21 704.08 2729854.6961
394 361.19 723.826 2750078.60748
433 280.23 732.86 2763947.7509
106 303.49 734.49 2789483.9806
300 221.59 742.25 2803777.4406
151 132.49 747.83 2813802.1446
199 146.3 751.816 2847540.17928
39 384.67 736.09 2857113.4494
214 263.56 746.757 2857693.95884
341 181.91 757.264 2900335.07658
127 652.94 706.072 2919018.98952
132 558.6 726.278 2949432.62642
385 574.19 726.07 2965582.3806
375 558.19 730.016 2976192.87738
428 207.08 767.862 2990942.38162
107 303.37 764.828 3016842.70482
350 125.99 775.324 3021510.00498
90 278.74 777.94 3103649.2056
353 167.76 785.778 3115378.74402
332 416.76 773.01 3161411.1981
201 204.33 790.074 3162835.37628
65 343.59 782.546 3179945.29868
397 308.49 786.296 3186473.07818
305 254.01 793.694 3214271.90828
393 389.88 782.672 3214883.71232
226 300.99 796.461 3262345.6027
276 152.53 818.884 3376120.42818
55 424.36 800.104 3380913.46368
326 360.82 807.809 3392967.97481
410 551.47 786.088 3393790.87962
156 133.87 821.758 3394352.22972
342 223.79 817.92 3395047.5961
152 103.46 823.432 3400905.26472
333 258.58 817.534 3408672.82218
236 256.44 831.194 3520178.80178
432 270.49 831.066 3526518.32188
7 429.42 821.97 3562574.9409
234 107.67 842.782 3563000.32652
53 322.35 833.824 3580221.83738
113 505.93 817.043 3593761.48414
306 184.89 846.176 3614253.42698
382 499.81 823.458 3640225.42492
274 135.86 851.98 3647807.5416
213 318.57 850.725 3720151.97302
135 377.0 846.116 3721690.42728
119 331.24 854.676 3762075.26248
220 489.57 840.764 3774099.30338
364 259.96 863.642 3796966.72242
210 286.95 862.438 3801336.82172
120 440.31 852.184 3824960.74538
406 699.89 818.85 3842422.6246
283 203.18 874.732 3867062.47152
111 381.13 866.572 3899995.23282
298 182.24 880.79 3912166.5381
257 573.65 848.508 3928903.45282
85 147.25 884.72 3935329.9545
69 519.3 862.848 3992205.84552
189 160.07 891.766 4001855.39868
181 244.59 887.947 4002073.64215
376 580.89 857.812 4016640.32882
395 469.41 871.684 4019510.72738
206 375.25 881.954 4030026.85308
36 568.94 868.4 4094285.5236
346 249.34 900.914 4120400.61258
71 645.28 862.938 4139696.23762
222 501.12 882.69 4146829.4349
13 548.95 878.98 4164375.3045
268 121.76 914.496 4196340.16768
371 455.73 894.886 4211794.59788
235 196.51 914.212 4217534.08482
380 612.34 879.916 4246221.11088
256 421.16 904.23 4265535.2101
52 275.54 916.312 4274060.69832
30 565.94 889.54 4276695.1416
254 423.74 906.804 4291023.05968
396 500.19 901.622 4314801.19052
76 580.79 893.15 4325901.6366
315 213.84 927.484 4346860.39688
174 331.06 923.788 4376522.06832
349 317.79 926.992 4397561.32442
240 136.86 935.922 4398480.61002
407 552.75 907.398 4422388.21452
383 622.83 899.292 4431547.71522
316 259.35 942.742 4511074.81532
161 115.5 948.656 4513081.28168
67 589.65 923.18 4608993.6845
340 330.87 952.464 4645413.31338
259 454.15 950.988 4728143.10322
263 305.58 965.093 4750401.62965
94 168.66 975.848 4789842.79112
177 412.46 961.645 4793928.78172
435 325.69 969.474 4805473.15948
144 232.05 977.104 4827508.33658
218 446.7 964.363 4849520.86884
12 384.68 979.698 4947019.55842
365 139.59 996.034 4979904.01388
95 350.38 987.286 4996434.37338
361 118.78 998.392 4998041.61672
28 417.64 983.152 5007362.44512
343 350.87 992.008 5043509.11722
171 202.16 1001.252 5053396.50312
261 664.28 963.77 5085530.9829
297 131.37 1014.64 5164729.7249
126 639.42 977.158 5183046.72122
79 440.93 1000.138 5195799.36012
35 610.99 987.278 5246898.02652
124 531.13 1007.86 5361007.9749
379 579.79 1006.154 5397885.80268
327 465.23 1023.729 5456544.28011
279 173.82 1045.639 5497017.984
367 334.47 1039.242 5511989.85372
46 78.76 1052.386 5543784.60258
115 477.54 1031.827 5551379.24125
290 293.64 1046.713 5564264.97145
219 441.78 1036.382 5565607.81802
284 227.94 1051.23 5577379.2081
317 185.76 1053.982 5588897.05922
207 203.39 1055.2 5608602.6921
22 367.88 1048.906 5636354.67858
141 137.42 1060.952 5646979.98792
80 413.04 1054.338 5728745.13282
319 168.56 1067.814 5729546.16658
307 301.91 1063.32 5744396.7601
142 215.12 1072.504 5797600.76448
75 502.82 1053.208 5799063.40872
348 287.91 1071.958 5828361.93692
381 538.77 1053.974 5844579.07628
148 281.15 1074.448 5851237.84602
238 226.45 1078.845 5870812.27263
430 251.14 1086.932 5970177.16272
369 273.68 1085.902 5970816.51042
103 237.16 1087.738 5972114.64882
134 420.76 1079.758 6006425.67042
209 312.18 1088.412 6020659.76112
373 538.4 1072.046 6036287.69058
309 263.39 1099.79 6117064.5126
338 108.6 1109.522 6166989.30242
215 234.07 1108.597 6199725.30694
377 567.86 1085.004 6208633.37968
193 215.51 1112.634 6236216.64988
32 594.19 1086.66 6257211.5341
100 204.81 1120.409 6318528.7725
427 275.54 1119.352 6340666.79112
314 262.66 1121.136 6353719.92808
292 407.52 1119.906 6437019.79458
105 250.44 1129.134 6437438.14338
370 507.12 1112.466 6445073.70018
172 120.57 1134.626 6451417.92428
83 510.61 1120.54 6538772.0301
162 166.33 1142.32 6552140.5809
339 178.06 1144.444 6580465.70928
368 303.09 1144.55 6641837.0606
122 422.14 1137.34 6645913.5576
363 158.58 1151.54 6655369.4744
205 258.86 1149.558 6674426.47642
325 366.63 1144.888 6688260.21962
190 158.41 1156.055 6707409.54322
378 429.31 1155.71 6862635.0966
140 131.34 1170.566 6868373.99738
78 409.2 1157.932 6871477.22312
117 513.83 1152.521 6905544.5461
272 332.23 1165.814 6905988.18588
434 422.85 1161.544 6924724.44218
233 137.21 1177.2 6947825.7841
84 186.51 1176.772 6958747.68002
216 404.03 1166.731 6969546.3727
128 702.56 1141.832 7012492.13472
185 87.37 1184.27 7020110.6814
310 209.08 1185.694 7073065.75458
311 151.46 1188.992 7091450.01192
308 274.52 1187.752 7129135.29792
64 450.28 1190.872 7293632.68032
271 178.22 1214.814 7410627.64138
360 104.32 1221.12 7466552.9344
81 305.39 1214.366 7466686.96188
320 124.47 1226.409 7535887.9573
267 104.63 1228.148 7552684.98642
10 386.59 1217.104 7556162.56218
25 389.1 1219.332 7585251.44112
227 425.27 1220.278 7626246.55932
49 261.83 1240.33 7760647.4934
228 239.05 1241.674 7765916.51388
87 502.19 1228.686 7800541.22908
101 134.35 1262.728 7990459.93242
38 523.84 1244.458 8017786.91442
318 160.76 1265.262 8030283.42082
164 232.74 1264.316 8046642.64688
175 364.13 1262.468 8101717.91202
143 168.23 1283.138 8260516.96812
250 207.83 1289.214 8353556.99788
77 736.76 1251.904 8379133.42368
24 518.77 1278.088 8436666.99162
204 283.57 1297.05 8492105.4574
182 520.4 1301.397 8738986.91804
212 244.78 1324.139 8826637.705
129 734.4 1288.056 8834784.65568
43 106.66 1330.6 8863858.1556
286 376.97 1321.056 8868051.15658
282 150.78 1330.154 8869282.92698
187 205.13 1334.182 8942286.36252
93 428.57 1323.998 8948525.76492
264 109.69 1337.488 8956402.64682
273 234.84 1337.55 9000349.8381
82 332.02 1339.674 9083869.41178
96 224.08 1349.056 9149972.30208
258 563.92 1329.232 9152294.31552
92 142.87 1354.01 9187127.2374
291 292.69 1351.66 9220591.2141
3 760.63 1320.502 9297185.65692
179 377.78 1357.934 9362641.47018
21 717.27 1332.002 9385622.89292
41 229.34 1371.486 9457466.07658
431 265.87 1373.156 9498473.85858
86 316.94 1373.784 9536863.35688
285 242.92 1379.299 9571338.78341
356 157.39 1384.436 9608086.80258
323 291.19 1383.721 9658210.64531
114 575.89 1376.569 9806360.35091
359 51.57 1407.66 9910192.8429
224 541.84 1389.499 9947127.9406
281 141.16 1413.128 10004579.8675
183 218.74 1415.729 10069290.1948
232 92.71 1420.41 10096417.9846
270 172.69 1419.22 10100748.8781
118 335.55 1418.07 10167206.427
366 268.22 1424.688 10220621.4551
324 344.98 1441.866 10513899.0102
269 240.52 1454.15 10630610.9829
229 151.03 1467.33 10788096.7054
26 251.03 1466.948 10822698.2344
136 277.65 1466.654 10832459.3011
50 172.95 1474.062 10894205.6017
211 241.98 1482.351 11045376.7564
89 215.14 1484.346 11062700.4582
252 259.18 1493.704 11222932.4705
121 439.95 1496.388 11389441.2352
102 325.05 1503.718 11411496.6201
231 123.09 1512.288 11450226.1228
91 577.1 1497.512 11545755.3607
230 138.22 1518.904 11554451.5745
321 121.53 1533.68 11775641.2529
352 176.87 1543.346 11940867.3755
23 339.6 1538.766 11954332.1738
40 559.73 1526.068 11957715.376
168 218.45 1551.97 12090774.807
104 126.52 1561.98 12214914.9124
330 464.7 1556.742 12333174.3628
176 341.98 1568.337 12415355.0482
88 148.84 1575.342 12430665.4304
241 171.06 1575.25 12436324.3361
184 124.18 1600.146 12817756.779
48 203.66 1611.622 13028104.75
42 472.41 1612.67 13226693.8526
351 190.56 1626.9 13270331.1636
262 436.24 1618.314 13285006.3506
137 294.7 1626.804 13319304.3621
37 506.84 1620.002 13378919.1856
173 292.88 1634.024 13435950.8573
68 520.39 1625.944 13489275.2078
149 278.63 1643.244 13578888.8946
208 233.63 1649.104 13652302.991
278 188.44 1653.868 13711906.4407
186 131.7 1656.525 13737720.2681
125 408.38 1665.684 14039290.1637
51 234.41 1675.73 14095303.2126
322 304.28 1679.994 14204485.5186
372 551.73 1675.986 14349051.3539
66 486.41 1690.542 14526255.9569
362 86.11 1712.752 14675011.9996
253 460.18 1733.7 15240344.0824
97 203.7 1761.85 15562070.8025
47 207.83 2074.552 21562023.3124
4 704.63 2073.806 21999860.0651
138 126.16 2207.19 24374354.8261
