345 156.37 714.74 2578717.9149
346 249.34 900.914 4120400.61258
347 210.19 723.368 2660486.15322
340 330.87 952.464 4645413.31338
341 181.91 757.264 2900335.07658
342 223.79 817.92 3395047.5961
343 350.87 992.008 5043509.11722
348 287.91 1071.958 5828361.93692
349 317.79 926.992 4397561.32442
298 182.24 880.79 3912166.5381
299 246.17 639.82 2107447.8309
297 131.37 1014.64 5164729.7249
292 407.52 1119.906 6437019.79458
290 293.64 1046.713 5564264.97145
291 292.69 1351.66 9220591.2141
199 146.3 751.816 2847540.17928
198 129.25 548.368 1520242.87962
195 174.1 649.548 2139873.83152
194 180.28 428.284 949636.80168
190 158.41 1156.055 6707409.54322
193 215.51 1112.634 6236216.64988
270 172.69 1419.22 10100748.8781
271 178.22 1214.814 7410627.64138
272 332.23 1165.814 6905988.18588
273 234.84 1337.55 9000349.8381
274 135.86 851.98 3647807.5416
275 181.13 472.818 1150592.38252
276 152.53 818.884 3376120.42818
277 227.75 704.544 2533781.30218
278 188.44 1653.868 13711906.4407
279 173.82 1045.639 5497017.984
108 366.38 477.986 1276587.38538
109 269.17 223.936 323189.14938
102 325.05 1503.718 11411496.6201
103 237.16 1087.738 5972114.64882
100 204.81 1120.409 6318528.7725
101 134.35 1262.728 7990459.93242
106 303.49 734.49 2789483.9806
107 303.37 764.828 3016842.70482
104 126.52 1561.98 12214914.9124
105 250.44 1129.134 6437438.14338
39 384.67 736.09 2857113.4494
38 523.84 1244.458 8017786.91442
33 466.04 556.662 1766556.19282
32 594.19 1086.66 6257211.5341
31 598.6 591.852 2109765.90952
30 565.94 889.54 4276695.1416
37 506.84 1620.002 13378919.1856
36 568.94 868.4 4094285.5236
35 610.99 987.278 5246898.02652
34 471.55 393.116 995060.34978
436 219.07 399.122 844483.51932
437 251.36 309.538 542250.71682
434 422.85 1161.544 6924724.44218
435 325.69 969.474 4805473.15948
432 270.49 831.066 3526518.32188
433 280.23 732.86 2763947.7509
430 251.14 1086.932 5970177.16272
431 265.87 1373.156 9498473.85858
339 178.06 1144.444 6580465.70928
338 108.6 1109.522 6166989.30242
331 451.66 630.196 2189731.74768
330 464.7 1556.742 12333174.3628
333 258.58 817.534 3408672.82218
332 416.76 773.01 3161411.1981
6 406.11 440.942 1137074.56892
91 577.1 1497.512 11545755.3607
90 278.74 777.94 3103649.2056
93 428.57 1323.998 8948525.76492
92 142.87 1354.01 9187127.2374
95 350.38 987.286 4996434.37338
94 168.66 975.848 4789842.79112
97 203.7 1761.85 15562070.8025
96 224.08 1349.056 9149972.30208
238 226.45 1078.845 5870812.27263
239 197.34 635.272 2056795.64552
234 107.67 842.782 3563000.32652
235 196.51 914.212 4217534.08482
236 256.44 831.194 3520178.80178
237 227.42 697.437 2483811.70125
230 138.22 1518.904 11554451.5745
231 123.09 1512.288 11450226.1228
232 92.71 1420.41 10096417.9846
233 137.21 1177.2 6947825.7841
1 424.59 589.512 1917898.65882
146 269.73 718.946 2657171.02748
147 173.88 452.88 1055735.7264
144 232.05 977.104 4827508.33658
145 191.89 428.76 955997.4601
142 215.12 1072.504 5797600.76448
143 168.23 1283.138 8260516.96812
140 131.34 1170.566 6868373.99738
141 137.42 1060.952 5646979.98792
148 281.15 1074.448 5851237.84602
149 278.63 1643.244 13578888.8946
133 459.22 645.43 2293782.4329
132 558.6 726.278 2949432.62642
131 626.71 476.528 1528160.09802
130 589.8 519.6 1697784.84
137 294.7 1626.804 13319304.3621
136 277.65 1466.654 10832459.3011
135 377.0 846.116 3721690.42728
134 420.76 1079.758 6006425.67042
138 126.16 2207.19 24374354.8261
24 518.77 1278.088 8436666.99162
25 389.1 1219.332 7585251.44112
26 251.03 1466.948 10822698.2344
27 342.72 637.45 2149169.5109
20 297.18 563.07 1673555.0769
21 717.27 1332.002 9385622.89292
22 367.88 1048.906 5636354.67858
23 339.6 1538.766 11954332.1738
28 417.64 983.152 5007362.44512
29 400.4 487.654 1349352.27858
407 552.75 907.398 4422388.21452
406 699.89 818.85 3842422.6246
405 428.99 449.246 1193142.26268
404 271.38 349.676 685013.62928
403 403.88 435.906 1113189.25858
402 418.03 657.728 2337779.69082
401 460.28 451.538 1231290.50562
400 393.78 515.168 1482053.02952
409 609.57 611.2 2239402.7849
408 489.5 585.532 1953848.86512
379 579.79 1006.154 5397885.80268
378 429.31 1155.71 6862635.0966
371 455.73 894.886 4211794.59788
370 507.12 1112.466 6445073.70018
373 538.4 1072.046 6036287.69058
372 551.73 1675.986 14349051.3539
375 558.19 730.016 2976192.87738
374 401.84 472.618 1278314.25522
377 567.86 1085.004 6208633.37968
376 580.89 857.812 4016640.32882
393 389.88 782.672 3214883.71232
392 254.87 358.818 708710.50252
88 148.84 1575.342 12430665.4304
89 215.14 1484.346 11062700.4582
397 308.49 786.296 3186473.07818
396 500.19 901.622 4314801.19052
395 469.41 871.684 4019510.72738
394 361.19 723.826 2750078.60748
82 332.02 1339.674 9083869.41178
181 244.59 887.947 4002073.64215
80 413.04 1054.338 5728745.13282
81 305.39 1214.366 7466686.96188
86 316.94 1373.784 9536863.35688
87 502.19 1228.686 7800541.22908
84 186.51 1176.772 6958747.68002
85 147.25 884.72 3935329.9545
7 429.42 821.97 3562574.9409
241 171.06 1575.25 12436324.3361
240 136.86 935.922 4398480.61002
179 377.78 1357.934 9362641.47018
178 379.53 664.896 2354476.47498
177 412.46 961.645 4793928.78172
176 341.98 1568.337 12415355.0482
175 364.13 1262.468 8101717.91202
174 331.06 923.788 4376522.06832
173 292.88 1634.024 13435950.8573
172 120.57 1134.626 6451417.92428
171 202.16 1001.252 5053396.50312
170 108.62 679.374 2319543.46378
182 520.4 1301.397 8738986.91804
183 218.74 1415.729 10069290.1948
180 409.42 564.672 1761897.07432
2 505.64 664.878 2465985.58402
186 131.7 1656.525 13737720.2681
187 205.13 1334.182 8942286.36252
184 124.18 1600.146 12817756.779
185 87.37 1184.27 7020110.6814
188 109.53 668.566 2246899.30268
189 160.07 891.766 4001855.39868
11 417.29 584.992 1885209.14442
10 386.59 1217.104 7556162.56218
13 548.95 878.98 4164375.3045
12 384.68 979.698 4947019.55842
15 364.9 501.448 1390402.49352
14 427.74 634.554 2196255.40218
17 501.21 704.08 2729854.6961
16 432.47 377.242 898587.93372
19 389.49 633.072 2155603.24602
18 402.34 341.476 744906.76848
62 327.91 485.618 1286649.17772
322 304.28 1679.994 14204485.5186
323 291.19 1383.721 9658210.64531
320 124.47 1226.409 7535887.9573
321 121.53 1533.68 11775641.2529
326 360.82 807.809 3392967.97481
327 465.23 1023.729 5456544.28011
324 344.98 1441.866 10513899.0102
325 366.63 1144.888 6688260.21962
328 285.44 520.434 1435733.73538
329 355.08 532.584 1544310.39168
201 204.33 790.074 3162835.37628
200 147.44 366.162 692111.60482
203 277.98 695.782 2497835.83802
202 258.93 545.624 1555572.49178
205 258.86 1149.558 6674426.47642
204 283.57 1297.05 8492105.4574
207 203.39 1055.2 5608602.6921
206 375.25 881.954 4030026.85308
209 312.18 1088.412 6020659.76112
208 233.63 1649.104 13652302.991
77 736.76 1251.904 8379133.42368
76 580.79 893.15 4325901.6366
75 502.82 1053.208 5799063.40872
74 451.63 598.79 1996716.9774
73 492.54 585.322 1955604.87002
72 589.04 597.722 2133326.06802
71 645.28 862.938 4139696.23762
70 519.43 560.58 1841057.2069
79 440.93 1000.138 5195799.36012
78 409.2 1157.932 6871477.22312
8 432.58 501.718 1445730.21402
120 440.31 852.184 3824960.74538
121 439.95 1496.388 11389441.2352
122 422.14 1137.34 6645913.5576
123 397.71 602.014 1970277.52508
124 531.13 1007.86 5361007.9749
125 408.38 1665.684 14039290.1637
126 639.42 977.158 5183046.72122
127 652.94 706.072 2919018.98952
128 702.56 1141.832 7012492.13472
129 734.4 1288.056 8834784.65568
414 496.84 532.73 1665856.2501
415 366.0 289.856 554038.50368
416 358.8 311.534 614004.60578
417 378.4 403.742 958224.57282
410 551.47 786.088 3393790.87962
411 478.88 572.698 1869241.05042
412 478.88 501.982 1489255.69602
413 533.37 459.8 1341563.7569
418 414.19 305.694 638797.46428
419 339.33 227.467 373851.029345
319 168.56 1067.814 5729546.16658
318 160.76 1265.262 8030283.42082
313 224.09 589.542 1788015.17692
312 113.22 518.994 1359592.62858
311 151.46 1188.992 7091450.01192
310 209.08 1185.694 7073065.75458
317 185.76 1053.982 5588897.05922
316 259.35 942.742 4511074.81532
315 213.84 927.484 4346860.39688
314 262.66 1121.136 6353719.92808
3 760.63 1320.502 9297185.65692
368 303.09 1144.55 6641837.0606
369 273.68 1085.902 5970816.51042
366 268.22 1424.688 10220621.4551
367 334.47 1039.242 5511989.85372
364 259.96 863.642 3796966.72242
365 139.59 996.034 4979904.01388
362 86.11 1712.752 14675011.9996
363 158.58 1151.54 6655369.4744
360 104.32 1221.12 7466552.9344
361 118.78 998.392 4998041.61672
380 612.34 879.916 4246221.11088
381 538.77 1053.974 5844579.07628
382 499.81 823.458 3640225.42492
383 622.83 899.292 4431547.71522
384 493.17 609.076 2098084.51778
385 574.19 726.07 2965582.3806
386 452.21 622.3 2140780.3341
387 527.95 606.016 2115008.16378
388 353.02 491.706 1333497.07258
389 391.12 685.016 2499209.45568
60 372.31 491.866 1348275.54588
61 286.7 405.256 903359.01768
258 563.92 1329.232 9152294.31552
259 454.15 950.988 4728143.10322
64 450.28 1190.872 7293632.68032
65 343.59 782.546 3179945.29868
66 486.41 1690.542 14526255.9569
67 589.65 923.18 4608993.6845
252 259.18 1493.704 11222932.4705
69 519.3 862.848 3992205.84552
250 207.83 1289.214 8353556.99788
251 173.05 630.362 2016727.55772
256 421.16 904.23 4265535.2101
257 573.65 848.508 3928903.45282
254 423.74 906.804 4291023.05968
255 360.51 539.2 1583650.6601
168 218.45 1551.97 12090774.807
164 232.74 1264.316 8046642.64688
160 74.62 374.732 707688.50352
161 115.5 948.656 4513081.28168
162 166.33 1142.32 6552140.5809
163 55.53 475.694 1134507.48908
9 454.24 544.064 1686362.15808
356 157.39 1384.436 9608086.80258
353 167.76 785.778 3115378.74402
352 176.87 1543.346 11940867.3755
351 190.56 1626.9 13270331.1636
350 125.99 775.324 3021510.00498
359 51.57 1407.66 9910192.8429
216 404.03 1166.731 6969546.3727
217 434.78 661.977 2380101.39104
214 263.56 746.757 2857693.95884
215 234.07 1108.597 6199725.30694
212 244.78 1324.139 8826637.705
213 318.57 850.725 3720151.97302
210 286.95 862.438 3801336.82172
211 241.98 1482.351 11045376.7564
218 446.7 964.363 4849520.86884
219 441.78 1036.382 5565607.81802
289 256.01 543.223 1540997.25874
288 257.79 687.256 2428059.73178
4 704.63 2073.806 21999860.0651
281 141.16 1413.128 10004579.8675
280 115.76 670.73 2262794.0421
283 203.18 874.732 3867062.47152
282 150.78 1330.154 8869282.92698
285 242.92 1379.299 9571338.78341
284 227.94 1051.23 5577379.2081
287 210.27 485.314 1221861.86588
286 376.97 1321.056 8868051.15658
263 305.58 965.093 4750401.62965
262 436.24 1618.314 13285006.3506
261 664.28 963.77 5085530.9829
260 388.7 495.796 1380156.05808
267 104.63 1228.148 7552684.98642
264 109.69 1337.488 8956402.64682
269 240.52 1454.15 10630610.9829
268 121.76 914.496 4196340.16768
59 165.88 260.074 365708.60178
58 207.2 298.458 488317.72882
55 424.36 800.104 3380913.46368
54 326.07 639.73 2152594.0094
57 288.93 494.73 1307269.4094
56 439.36 565.794 1793651.46178
51 234.41 1675.73 14095303.2126
50 172.95 1474.062 10894205.6017
53 322.35 833.824 3580221.83738
52 275.54 916.312 4274060.69832
63 366.3 667.59 2362557.7305
115 477.54 1031.827 5551379.24125
68 520.39 1625.944 13489275.2078
117 513.83 1152.521 6905544.5461
116 457.15 591.045 1955657.08262
111 381.13 866.572 3899995.23282
110 401.23 502.77 1424873.8774
113 505.93 817.043 3593761.48414
253 460.18 1733.7 15240344.0824
119 331.24 854.676 3762075.26248
118 335.55 1418.07 10167206.427
429 176.96 656.592 2186880.11392
428 207.08 767.862 2990942.38162
421 304.67 336.674 659570.72028
420 340.71 205.27 326762.1686
423 168.52 569.92 1652443.0224
422 164.72 443.98 1012723.8804
425 155.0 502.166 1284878.45778
424 135.13 476.098 1151606.64492
427 275.54 1119.352 6340666.79112
426 193.43 637.684 2070619.58418
308 274.52 1187.752 7129135.29792
309 263.39 1099.79 6117064.5126
300 221.59 742.25 2803777.4406
301 298.61 481.773 1249694.04974
302 134.05 311.802 504071.83852
303 221.91 722.084 2656270.56338
304 108.74 346.552 612315.83112
305 254.01 793.694 3214271.90828
306 184.89 846.176 3614253.42698
307 301.91 1063.32 5744396.7601
229 151.03 1467.33 10788096.7054
228 239.05 1241.674 7765916.51388
227 425.27 1220.278 7626246.55932
226 300.99 796.461 3262345.6027
225 286.88 346.314 681967.06738
224 541.84 1389.499 9947127.9406
223 528.48 579.824 1960270.46528
222 501.12 882.69 4146829.4349
221 406.41 492.524 1378068.54098
220 489.57 840.764 3774099.30338
114 575.89 1376.569 9806360.35091
391 400.1 597.776 1946760.74088
390 341.86 429.132 1037639.62672
151 132.49 747.83 2813802.1446
150 174.22 634.518 2043418.07002
152 103.46 823.432 3400905.26472
156 133.87 821.758 3394352.22972
159 71.08 355.234 636008.34018
158 88.6 461.614 1073287.38498
112 346.15 504.757 1393717.96775
83 510.61 1120.54 6538772.0301
399 413.21 485.032 1347022.70922
398 271.37 505.934 1353487.73868
48 203.66 1611.622 13028104.75
49 261.83 1240.33 7760647.4934
46 78.76 1052.386 5543784.60258
47 207.83 2074.552 21562023.3124
42 472.41 1612.67 13226693.8526
43 106.66 1330.6 8863858.1556
40 559.73 1526.068 11957715.376
41 229.34 1371.486 9457466.07658
5 552.75 633.628 2312954.77442
