344 74.43 246.408 309124.33722
109 266.79 223.494 320924.74428
420 341.95 205.356 327785.23618
59 166.29 260.63 367292.3486
419 341.53 228.134 376868.35068
58 209.74 298.908 490720.82992
302 132.59 311.878 503919.54252
437 254.24 309.536 543700.65408
415 370.8 289.896 557691.09408
304 109.81 346.67 612958.6806
416 361.7 311.72 616673.682
159 72.77 354.452 633476.57442
418 416.75 306.37 642993.447
421 304.7 336.318 658391.07562
225 285.91 346.314 681411.46108
157 58.48 371.054 691825.26498
404 273.26 351.362 691947.30282
200 146.98 367.18 695708.8824
160 77.15 374.5 707203.3725
392 256.9 358.792 709656.10632
18 397.95 341.48 741407.1545
436 222.66 398.95 845382.9881
16 429.3 377.186 895644.88298
61 281.8 405.89 903144.7005
194 182.25 428.74 952305.0005
145 192.39 429.624 959897.81898
417 381.92 404.586 964312.04338
34 469.94 393.124 993576.00048
422 163.99 444.194 1013434.26828
390 344.41 429.8 1042258.4481
147 174.73 453.612 1059349.80562
158 90.18 461.194 1071631.96058
403 404.99 436.834 1118136.61788
163 56.28 475.428 1133326.35432
6 411.42 441.058 1141927.21322
275 179.69 472.504 1148588.64618
424 133.51 476.072 1151047.66602
405 432.95 450.938 1204171.10172
287 211.76 485.314 1222490.69058
401 459.8 451.768 1231887.66912
108 365.3 477.542 1273675.89882
374 402.0 472.62 1278452.322
425 152.96 501.714 1281981.45058
62 324.05 485.782 1284929.16012
301 297.91 489.614 1287359.71308
57 286.97 495.146 1308199.58748
388 355.03 493.124 1341902.69778
29 395.9 487.644 1345720.16368
60 369.71 492.464 1349289.44058
413 537.48 460.576 1349536.00928
399 414.26 485.404 1349696.56368
398 273.14 506.004 1354805.69968
312 113.97 519.492 1362348.85122
260 388.37 495.77 1379770.7214
221 407.42 492.868 1380585.38352
112 342.59 504.073 1387815.85474
15 361.94 501.642 1389224.04442
110 398.39 501.778 1417620.39852
328 286.19 520.42 1436089.5981
8 439.05 504.685 1466299.64862
400 394.24 515.968 1486540.06272
412 483.0 502.94 1498032.218
198 130.39 548.31 1520220.8326
131 629.52 476.538 1531737.75762
289 256.84 543.366 1542199.83538
329 355.82 532.58 1544815.1544
202 257.59 545.574 1554607.55548
255 360.44 538.778 1581325.66002
423 166.96 569.714 1650745.85058
414 500.43 533.426 1673146.67228
20 297.98 563.326 1675472.99178
130 593.18 519.61 1701835.2729
9 460.2 547.041 1708053.3184
180 413.28 564.67 1765061.4029
33 466.64 556.684 1767238.26888
313 223.92 589.788 1789389.59112
56 433.57 566.112 1790396.92762
70 518.39 554.318 1805070.41772
411 483.0 573.746 1879211.36258
11 419.52 585.0 1887122.0304
1 425.45 589.528 1918724.01642
391 401.61 598.09 1949848.8326
116 454.95 590.939 1953024.01111
73 491.84 585.336 1954997.75008
223 531.73 579.924 1964296.02178
408 492.03 587.912 1970296.11962
123 400.83 602.014 1972768.96988
74 450.83 598.816 1996150.69818
251 171.87 629.688 2012074.18362
150 175.35 635.836 2052184.71698
239 197.8 635.486 2058337.12098
426 191.62 637.232 2067041.33352
384 492.97 609.95 2103214.4334
31 595.49 591.832 2105933.92122
299 249.07 639.766 2108538.53868
387 531.42 607.302 2126485.81242
72 588.57 597.724 2132784.54578
195 175.85 649.496 2140148.49258
27 338.28 637.46 2146209.6164
54 324.14 639.707 2151191.96885
386 455.22 623.894 2153443.86458
19 388.81 633.098 2155238.60412
429 176.47 656.532 2186312.99602
331 449.89 630.198 2188148.60812
14 424.8 634.622 2194180.45442
188 108.95 668.586 2246906.29948
409 612.89 612.892 2253817.17042
280 116.93 670.534 2261751.85068
133 461.86 645.436 2296252.81008
5 554.82 633.632 2315272.78952
170 108.95 678.85 2316056.715
402 418.55 658.884 2345824.72978
178 379.87 664.903 2354781.21394
63 363.66 668.196 2364678.06768
217 434.5 662.532 2383533.50512
288 259.1 687.28 2428901.802
2 505.31 664.904 2465824.84218
237 229.2 699.068 2496012.98312
203 278.04 696.784 2504845.95488
389 394.42 685.956 2508245.30608
345 156.24 715.876 2586803.17448
277 226.89 712.234 2587865.42588
303 223.35 722.134 2657272.79228
146 271.49 719.96 2665418.8281
347 212.06 724.794 2671601.15578
17 496.79 704.13 2725795.5886
394 365.75 724.196 2756072.29458
433 283.68 732.652 2764369.10792
106 304.45 734.492 2790082.29282
300 223.95 742.274 2805007.05788
151 133.15 748.484 2818870.41378
199 145.7 751.862 2847710.82522
39 385.08 736.098 2857487.93442
214 264.41 748.08 2868031.0801
341 180.4 758.012 2905455.12072
127 658.9 706.064 2926781.07048
132 561.05 726.264 2952074.09098
375 554.3 730.014 2971850.69098
385 577.89 727.352 2979161.51162
428 207.31 767.816 2990684.48538
107 304.83 764.62 3016140.0509
350 126.91 777.0 3034751.1481
90 279.44 777.962 3104211.08082
353 170.54 786.844 3124701.29328
201 202.68 789.4 3156840.9824
332 415.91 773.026 3160827.11148
65 345.28 783.048 3185039.12992
397 309.96 787.142 3194037.84242
305 255.0 793.556 3213680.62568
393 390.62 783.276 3220190.44528
226 301.08 796.452 3262328.10792
276 152.09 818.414 3372138.74508
55 419.18 800.584 3380385.57768
326 363.04 807.806 3394550.70978
342 223.37 818.428 3399016.11282
156 134.34 822.806 3403095.80378
410 554.79 787.342 3407329.06892
333 256.48 817.508 3407378.64072
152 103.37 824.664 3411038.92138
432 271.71 830.842 3525318.46892
236 258.15 832.206 3529475.55468
234 106.82 842.668 3561857.30352
7 435.09 822.078 3568364.49852
113 501.74 815.925 3580411.05572
53 324.8 833.869 3582182.5858
306 186.66 846.372 3616569.76752
274 135.65 851.618 3644667.01212
382 501.53 824.52 3650698.4929
135 379.03 846.096 3723055.94698
213 319.59 851.382 3726394.31772
119 330.76 854.616 3761244.71488
220 490.18 841.084 3777387.90768
364 260.77 863.802 3798770.46892
210 289.22 864.226 3818081.10378
120 442.08 852.18 3826488.4884
406 703.17 821.036 3864948.61538
283 207.71 874.736 3868958.79258
111 378.13 865.468 3888156.59202
298 184.52 880.964 3914535.47688
257 573.5 848.394 3927764.14618
85 146.0 884.722 3934981.08642
69 520.07 862.858 3993092.44572
181 245.94 887.942 4002691.46042
376 578.73 857.816 4014169.86218
189 158.89 893.37 4015795.8166
395 471.65 871.636 4021200.30498
206 376.66 882.93 4039699.6801
71 643.73 856.909 4085853.48431
36 565.07 868.4 4089896.9049
346 251.47 902.506 4135822.56108
222 504.74 883.032 4153490.03272
13 547.86 878.996 4163320.41968
268 121.47 914.508 4196379.37122
371 456.53 894.884 4212506.50818
235 194.46 914.672 4220939.02952
380 610.43 879.944 4244132.00058
256 420.83 904.01 4263268.2894
30 561.92 889.516 4271947.65768
52 277.95 916.323 4275495.40415
254 422.82 906.406 4286635.93658
396 500.74 902.098 4319644.55562
76 579.3 893.383 4326254.41345
315 215.45 927.743 4349954.07275
174 335.62 923.671 4378481.3656
240 135.74 935.054 4390055.26218
349 322.95 928.01 4410309.503
383 621.07 900.176 4437312.09978
407 556.16 910.47 4454092.0501
161 117.67 948.212 4509376.21362
67 592.2 923.192 4612118.18432
340 330.28 952.834 4648548.03618
259 453.11 950.978 4727104.45452
263 303.81 965.1 4749390.5661
94 168.73 975.84 4789788.3409
144 230.26 973.952 4795932.15912
177 414.87 961.657 4796038.04514
435 328.45 969.312 4805708.16922
218 448.6 964.944 4856826.57568
12 381.76 979.89 4946662.7581
365 139.17 996.072 4980165.43482
95 351.34 987.276 4997009.29648
361 119.48 998.824 5002522.38528
28 414.61 983.138 5004703.08732
343 348.14 992.63 5047773.0441
171 201.26 1000.919 5049699.8104
261 664.19 963.732 5085045.19522
297 131.31 1014.656 5164876.30778
126 643.62 977.16 5188455.0324
316 318.52 1009.019 5192051.7022
79 440.97 1000.15 5195954.6534
35 608.25 987.274 5243517.81788
124 533.31 1007.876 5363489.71298
379 578.25 1006.164 5396203.03698
327 464.8 1023.73 5456154.6045
279 175.43 1045.582 5496984.27852
367 333.04 1039.246 5511076.88418
115 474.41 1031.201 5541942.36011
46 79.86 1052.428 5544401.09552
290 290.91 1046.692 5562449.34242
219 441.74 1036.862 5570548.26282
284 229.29 1051.39 5579678.5646
317 186.58 1054.051 5589929.64941
141 136.59 1056.114 5595540.73308
207 203.89 1056.74 5625068.2701
22 367.83 1048.956 5636842.35858
80 410.54 1048.293 5663134.16085
319 170.38 1068.169 5733954.40721
307 304.39 1063.452 5747304.05362
75 501.28 1053.216 5797601.35168
142 212.85 1072.95 5801413.635
348 289.69 1073.122 5841874.43052
381 537.07 1054.34 5846608.3629
148 283.54 1075.578 5864735.10202
238 225.01 1079.553 5877802.89915
369 275.27 1085.904 5971711.05898
103 237.46 1087.724 5972104.75248
430 249.09 1087.562 5976001.34732
134 423.25 1079.742 6008354.49532
209 312.09 1088.654 6023237.82668
373 539.53 1072.054 6037591.51548
309 263.36 1099.924 6118522.51848
338 109.29 1109.536 6167294.98058
215 233.01 1109.454 6208734.55068
377 563.64 1085.51 6209349.8501
193 216.75 1111.76 6227032.0505
32 593.52 1086.684 6256676.56968
100 205.24 1115.558 6264471.71442
427 272.11 1120.068 6346805.47522
314 260.99 1121.498 6356904.60012
292 405.53 1119.944 6435827.39658
105 250.8 1129.122 6437483.09442
370 509.08 1112.502 6447465.94642
172 121.25 1134.469 6449801.1223
83 511.96 1120.542 6540174.91042
162 170.21 1143.348 6565194.68962
339 178.65 1144.5 6581317.0725
368 303.56 1144.594 6642625.79778
122 424.35 1137.314 6647488.59548
363 158.47 1151.548 6655426.72242
205 258.64 1149.068 6668680.99272
325 369.16 1144.886 6690098.87058
190 156.94 1158.053 6730063.91764
140 132.09 1165.546 6809935.15868
78 407.48 1157.91 6869817.7909
378 427.53 1156.64 6871862.3489
117 511.6 1152.519 6903234.7868
434 425.57 1161.374 6925057.66428
233 137.32 1177.834 6955321.44018
84 185.0 1176.766 6958116.09378
216 404.85 1167.104 6974562.25658
272 330.83 1173.388 6993645.48162
128 707.56 1141.834 7019565.57138
185 88.7 1184.218 7019729.04762
310 209.19 1186.566 7083454.81788
311 152.79 1189.384 7096516.28138
308 274.59 1187.87 7130575.3526
64 448.76 1191.436 7298984.24808
271 178.02 1214.564 7407519.67088
81 305.16 1214.37 7466595.1101
360 102.32 1221.464 7470340.89888
320 125.74 1226.357 7535568.00485
267 103.53 1228.168 7552701.64202
25 385.65 1219.57 7585480.847
10 392.22 1220.067 7596653.95085
227 425.34 1220.26 7626086.4536
49 263.91 1240.363 7762150.34695
228 237.3 1241.696 7765356.07208
87 502.35 1228.706 7800947.69468
101 133.4 1262.706 7989927.77218
38 521.48 1244.436 8015046.18088
318 161.18 1265.519 8033670.68921
164 233.41 1264.322 8047030.82652
175 365.83 1262.451 8102744.2259
143 166.09 1283.756 8267733.22578
250 205.59 1289.104 8351212.86218
77 734.85 1252.161 8379540.37211
24 513.54 1278.328 8434335.70952
204 282.29 1297.468 8496803.69922
182 520.04 1301.388 8738495.23432
212 245.22 1324.796 8835555.05648
129 738.71 1288.04 8840927.6721
43 106.67 1330.62 8864126.4109
282 150.74 1330.044 8867807.75728
286 379.04 1321.069 8869787.8354
187 203.25 1330.218 8888710.20012
93 429.27 1324.004 8949205.69298
264 108.1 1337.514 8956404.11098
273 234.83 1337.824 9004010.40378
82 332.49 1339.638 9083699.45532
258 562.72 1329.192 9150410.66272
96 226.27 1349.062 9151039.51212
92 143.21 1353.99 9186953.7046
3 759.71 1314.475 9216381.91223
291 291.07 1351.666 9219726.62268
179 378.4 1357.952 9363354.73152
21 720.68 1335.425 9436179.31553
41 228.1 1371.5 9457090.86
431 267.38 1373.854 9508866.13098
86 317.68 1373.798 9537525.30642
285 243.9 1379.355 9572588.29013
356 160.3 1384.988 9616654.89072
323 293.26 1383.72 9659406.6196
114 574.06 1375.691 9792173.52101
359 52.08 1407.802 9912244.68242
224 546.51 1389.482 9951974.32172
281 141.8 1412.946 10002189.2346
183 217.91 1415.724 10068856.989
232 93.17 1420.514 10097980.7699
270 173.17 1419.336 10102561.2534
118 334.02 1417.972 10164792.3243
366 269.41 1424.696 10221375.2102
324 346.37 1441.87 10514917.6614
269 242.98 1454.124 10631422.3173
229 150.32 1467.28 10787149.0944
26 250.59 1466.924 10822125.457
136 280.45 1466.654 10834021.9811
50 175.7 1474.123 10896063.5856
89 216.21 1484.364 11063429.1866
211 242.06 1483.938 11068952.9828
252 256.75 1493.238 11214719.1857
121 441.56 1496.374 11390650.973
102 323.95 1503.318 11404768.6481
231 122.96 1512.404 11451948.4577
230 136.64 1518.908 11554078.0519
91 580.09 1500.479 11593690.5553
321 123.46 1533.678 11776083.41
352 181.86 1544.02 11953061.8616
23 337.0 1538.854 11953927.1666
40 559.44 1526.072 11957451.8595
168 216.83 1551.024 12075392.4918
104 124.64 1561.964 12214192.8161
330 465.54 1556.746 12334018.0342
176 343.36 1568.325 12416112.6177
88 149.24 1575.342 12430784.6624
241 169.91 1575.996 12447686.3682
184 123.1 1600.108 12816881.6683
48 205.56 1611.627 13028962.8492
42 471.35 1612.684 13225919.2418
262 434.61 1618.274 13282939.5475
351 193.65 1628.112 13291243.7452
137 296.34 1626.786 13319980.8446
37 505.02 1619.99 13376883.2009
68 520.38 1619.911 13391353.584
173 296.23 1633.985 13437287.114
149 278.05 1645.64 13617966.8505
208 232.88 1649.338 13655812.2856
278 187.95 1653.714 13709175.1715
186 131.38 1656.806 13742291.3126
125 411.78 1665.694 14042245.2766
51 237.09 1675.751 14096918.7381
322 308.2 1680.232 14210885.1091
372 552.29 1676.37 14356106.1286
66 489.72 1691.194 14540511.4066
362 85.86 1712.762 14675140.2828
253 457.5 1733.224 15229633.4209
97 205.52 1761.806 15562040.3786
47 208.82 2074.562 21562643.2516
4 706.74 2073.776 22002215.9185
138 127.41 2207.18 24374451.0701
