28 75.03 142.366 106969.89068
30 97.21 264.094 358177.98828
32 125.72 267.1 372517.5684
187 397.38 239.058 443654.50122
35 333.45 302.986 570191.48348
34 391.37 299.917 602921.511345
105 328.41 320.7 622095.5781
173 297.38 359.779 735639.508605
54 419.39 337.576 745675.75098
186 456.13 336.182 773146.26252
124 420.67 352.517 798304.425345
56 306.43 401.681 900637.473705
154 259.76 410.004 907991.65768
36 423.62 387.282 929390.64202
39 434.27 393.252 961826.11042
33 306.98 417.576 966085.29928
66 320.7 418.922 980326.70042
115 371.97 413.304 992462.66298
65 409.4 409.928 1007813.18592
91 266.63 454.488 1103888.26762
38 543.08 406.336 1120480.61088
118 282.48 468.452 1177031.33192
63 151.13 480.822 1178789.25532
47 423.66 448.787 1186536.65244
147 345.07 466.252 1206027.94242
76 350.47 466.202 1209550.74492
126 436.04 460.862 1252099.79682
159 444.42 470.278 1303316.12282
206 501.9 462.95 1323517.1225
94 540.86 455.32 1329111.0516
87 316.76 509.034 1395914.96338
146 486.09 512.626 1550210.56748
145 488.26 526.816 1626073.31688
148 381.11 546.994 1641257.01228
40 534.76 520.92 1642756.4896
104 440.51 539.892 1651465.91842
188 606.48 510.956 1673198.16008
153 334.95 563.3 1698725.9525
68 246.43 575.44 1716383.7129
52 524.63 546.312 1767520.64362
191 349.74 576.678 1785105.64602
125 470.68 560.948 1794852.95592
57 320.47 609.464 1959932.85738
185 417.21 603.698 1996320.56012
48 566.63 580.871 2008125.15011
86 288.41 627.23 2050267.6926
98 437.37 610.476 2054697.24978
53 439.37 610.48 2056475.1489
116 543.81 595.118 2066556.48572
29 173.31 639.931 2077594.7799
163 223.12 639.85 2096822.6469
151 427.23 620.148 2105443.18242
199 503.08 618.802 2167669.06242
182 317.13 647.888 2199365.73962
49 485.88 631.806 2231973.48258
128 352.42 649.972 2236517.86032
172 348.09 663.491 2322268.1835
122 456.16 659.493 2382737.03084
121 358.83 672.91 2392798.3094
75 484.63 657.548 2396713.09842
174 317.3 679.023 2406040.46265
129 278.67 684.454 2420043.35948
162 471.35 664.04 2426916.4305
46 551.36 671.701 2559909.0166
83 367.48 704.6 2617347.3504
192 282.73 714.008 2628973.37322
155 439.28 699.084 2636559.11368
137 307.12 716.642 2662201.47522
44 594.38 682.995 2685698.43452
113 401.87 713.464 2706653.89338
58 238.82 728.734 2712301.20618
136 457.19 710.266 2731411.64988
89 445.87 718.552 2780384.94042
61 367.92 733.072 2822337.91232
184 367.84 733.734 2827134.17938
138 223.19 747.994 2847288.89628
141 197.71 750.0 2851589.2441
95 634.0 705.25 2888843.8125
55 588.86 728.822 3002663.63802
41 580.74 738.908 3067184.10992
64 357.61 768.132 3078018.75922
97 562.28 752.336 3146206.08288
51 487.1 766.064 3171536.67048
43 758.78 727.974 3225477.81178
139 131.6 802.318 3235889.42562
110 170.46 804.232 3263002.16072
96 598.1 763.54 3272690.268
100 466.62 785.608 3303633.87272
183 296.72 804.038 3320428.28562
67 454.42 805.14 3447749.6344
202 667.23 782.604 3507540.97698
123 481.22 830.891 3683471.95781
112 415.42 839.552 3696811.57992
84 367.6 844.226 3698717.45538
157 513.99 829.734 3706478.27388
62 71.0 861.248 3713781.58752
143 512.9 840.78 3797621.452
103 516.33 840.7 3800479.1189
127 436.62 855.834 3852896.20218
37 655.67 841.066 3966863.23068
203 623.25 856.306 4054740.39068
88 494.11 880.692 4122236.68642
194 366.73 894.674 4136698.72428
93 857.19 825.944 4145692.15178
178 61.84 910.182 4145980.55122
205 601.21 871.244 4156784.00178
106 520.18 885.174 4188252.28378
200 368.01 906.074 4240281.82748
92 583.1 886.396 4268494.95408
198 333.3 939.284 4522361.05328
189 794.56 888.114 4575057.97858
119 485.97 934.256 4600338.20858
165 244.3 964.546 4711427.42058
90 258.12 964.752 4720358.04192
42 609.52 933.358 4727300.41122
135 407.49 963.404 4806784.43618
117 608.47 944.102 4826878.67292
170 139.9 984.391 4864700.21441
101 321.88 980.402 4909547.14242
197 422.03 992.632 5104700.75802
175 461.38 989.994 5113312.10458
50 703.83 963.142 5133589.22972
60 179.36 1010.678 5139520.10802
114 449.14 995.43 5156131.1641
45 652.71 973.283 5162429.33455
140 195.62 1019.376 5233904.33128
150 476.45 1002.696 5254000.94458
85 235.53 1021.262 5270354.74412
177 233.78 1025.896 5316966.10248
156 463.8 1012.244 5338300.01768
134 300.5 1025.936 5353023.63048
158 580.79 1009.39 5431657.8846
133 107.45 1045.03 5471984.007
102 528.92 1023.42 5516698.8484
149 561.38 1029.154 5610937.28298
120 327.95 1070.376 5836075.10938
107 532.36 1063.634 5939993.59938
109 208.41 1126.09 6383828.1686
99 539.51 1111.218 6465098.25772
181 374.67 1158.794 6854395.28108
190 557.78 1150.266 6926677.88218
73 310.13 1179.256 7049404.18458
82 459.64 1175.33 7118271.9741
171 452.64 1193.597 7328251.96164
176 258.49 1224.18 7559900.4421
81 250.79 1228.606 7610259.14028
160 625.52 1209.076 7700599.13928
196 229.95 1248.61 7848011.663
164 339.2 1252.132 7954229.36712
144 695.72 1228.252 8027041.19592
78 116.68 1269.716 8074507.82568
70 136.81 1298.212 8445488.96082
132 91.66 1324.464 8779425.99208
193 282.63 1345.368 9129954.99402
204 678.35 1322.522 9205480.92492
131 170.2 1359.888 9275444.90272
179 90.09 1367.338 9356182.23932
201 397.52 1376.1 9626278.2004
69 357.54 1409.398 10059848.4636
152 365.7 1411.412 10094155.6587
80 92.57 1420.946 10104006.8795
130 363.2 1455.066 10717999.5618
77 473.98 1468.418 11005914.154
74 357.44 1480.974 11094183.297
108 328.97 1490.71 11219302.7814
161 470.97 1500.928 11485737.0468
79 161.52 1552.246 12073426.933
180 204.79 1599.26 12830101.6821
142 387.65 1617.786 13236430.2315
195 465.54 1808.864 16576672.3441
111 466.58 1890.404 18085833.3125
