133 161.21 895.78 4038097.7061
132 153.06 1222.174 7491973.79498
131 211.33 1239.052 7720909.66242
130 360.04 1316.536 8795963.99808
137 257.43 515.522 1395084.86732
136 414.14 655.246 2318248.54218
135 309.13 819.764 3455626.43538
134 289.19 1022.07 5306766.2806
139 332.66 871.962 3912251.32282
138 292.0 766.388 3022016.83272
95 570.59 515.002 1651708.24812
94 382.81 275.73 526678.6606
97 467.94 834.456 3700551.92328
96 413.35 612.106 2044226.99868
120 317.22 1355.58 9288614.2104
121 306.81 612.604 1970550.68018
122 323.54 897.106 4128674.00778
123 410.35 993.91 5107672.563
124 276.59 463.384 1150125.68538
125 223.24 514.528 1373531.41152
126 302.9 441.38 1065829.932
127 307.36 844.496 3660337.63968
128 329.64 647.624 2205746.75648
129 262.5 680.57 2384783.8745
69 260.43 1413.764 10061467.0234
91 255.15 408.96 901342.9305
58 260.42 906.204 4173847.02448
55 172.52 105.736 85663.65888
57 239.68 568.736 1674749.69088
56 298.3 490.694 1292885.89818
90 345.65 734.997 2820576.87255
146 500.42 547.17 1747395.2209
199 362.18 704.037 2609514.83924
198 243.0 1195.334 7203165.85778
147 260.05 361.668 721644.71362
195 466.28 1795.58 16337954.7204
194 345.55 682.55 2448777.315
197 405.6 1029.443 5463275.81124
196 190.04 1267.292 8066260.26792
191 471.61 760.42 3113608.8741
190 655.46 1229.014 7982004.87258
193 311.96 1219.552 7533854.44512
192 345.68 805.776 3365869.47328
115 378.22 263.132 489242.61552
114 352.03 613.477 2005695.26854
88 568.84 871.838 4124086.43682
116 403.25 431.748 1094642.24002
111 503.87 1730.836 15232851.2714
110 175.31 787.582 3132160.62972
113 325.15 787.508 3206566.77282
112 446.49 852.297 3831404.20115
82 474.88 1187.604 7277527.31848
83 367.13 673.866 2405261.36668
80 79.42 1295.796 8401743.90448
81 235.82 1382.296 9609322.23048
86 422.16 723.8 2797651.2656
87 463.89 614.452 2102950.23362
84 330.63 745.344 2887004.58858
85 291.08 1018.608 5272538.85472
141 374.14 828.628 3573102.55152
179 60.81 1487.65 11069210.4686
108 353.98 1508.476 11502801.0533
109 253.47 1238.294 7731107.19308
102 470.91 890.384 4185674.56538
103 562.46 966.124 4983339.16848
100 398.23 699.106 2602333.12908
101 482.86 1178.238 7174377.70282
106 547.89 884.932 4215706.67522
107 552.1 1084.888 6189724.27272
104 583.14 588.282 2070430.81722
105 414.0 389.696 930710.86208
177 228.19 1137.479 6521363.0533
60 66.0 880.392 3879806.36832
61 107.29 585.954 1728221.59468
62 91.67 836.282 3505241.30652
63 170.16 436.104 979887.91968
64 420.34 677.066 2468777.55738
65 398.7 347.36 762256.538
66 398.7 347.36 762256.538
67 572.37 866.958 4085688.28572
68 225.34 574.908 1703374.15792
176 123.17 1107.638 6149480.54412
175 200.94 970.7 4751669.3336
173 65.54 302.616 462177.70888
172 182.63 409.718 872697.91452
171 225.52 1005.084 5101828.50568
170 136.51 916.952 4222639.83162
145 451.38 559.048 1766417.23592
182 342.99 625.68 2075019.4521
183 296.88 691.834 2481309.15218
180 195.79 1688.936 14300857.7846
181 515.64 1255.782 8150826.76722
186 559.94 402.489 1123519.77921
187 409.02 205.231 377896.177205
184 442.86 700.78 2651588.0216
185 528.38 672.788 2542403.88912
188 626.55 543.975 1872108.90562
189 846.81 932.121 5061334.96931
142 475.83 1617.382 13306036.8585
99 589.61 1109.342 6500838.31692
98 479.09 598.602 2021149.00012
168 65.42 1165.458 6795741.52522
169 62.55 1111.628 6182496.55442
164 324.32 1327.636 8918270.20488
165 302.56 995.06 5042264.5716
93 565.3 315.256 816495.81768
92 574.64 638.258 2367077.50242
160 630.07 1130.414 6786167.26188
161 521.59 1641.922 13751595.3985
162 462.46 622.84 2153517.5796
163 192.61 633.322 2042582.39052
143 527.64 807.542 3539024.37842
117 491.82 859.906 3939078.55658
89 504.18 714.484 2806634.40368
151 587.33 758.238 3219580.85212
150 435.14 1031.546 5509782.57018
153 449.2 879.772 4071774.49992
152 469.37 1352.662 9368780.62812
155 452.76 664.734 2414348.07138
154 340.47 463.988 1192344.14162
157 466.93 692.928 2618769.69082
156 685.6 1277.97 8636083.9645
159 481.81 444.514 1220104.35708
158 609.54 1003.004 5401624.13168
119 357.82 831.732 3586925.75152
118 345.59 739.968 2857195.65322
201 357.0 1423.08 10253232.432
200 374.4 958.852 4737161.14952
203 531.44 662.242 2475250.80642
202 574.56 1114.958 6545775.90242
205 472.09 967.352 4901718.42762
204 597.62 1177.808 7293308.08872
140 441.39 1188.398 7256274.16412
206 398.07 400.498 960452.96492
148 398.01 537.942 1605319.93692
149 515.93 992.504 5191504.71498
77 439.51 1470.326 11002461.7715
76 339.61 544.946 1600165.66668
75 293.21 594.548 1853408.72562
74 346.58 1719.648 14906063.9159
73 287.37 1127.81 6442358.4974
70 92.65 1358.312 9233641.46922
79 130.98 1523.836 11627536.5349
78 134.32 1262.349 7985666.85141
144 786.89 1288.701 8922947.2091
