216 404.03 1166.731 6969546.3727
217 434.78 661.977 2380101.39104
214 263.56 746.757 2857693.95884
215 234.07 1108.597 6199725.30694
212 244.78 1324.139 8826637.705
213 318.57 850.725 3720151.97302
210 286.95 862.438 3801336.82172
211 241.98 1482.351 11045376.7564
218 446.7 964.363 4849520.86884
219 441.78 1036.382 5565607.81802
24 518.77 1278.088 8436666.99162
25 389.1 1219.332 7585251.44112
20 297.18 563.07 1673555.0769
21 717.27 1332.002 9385622.89292
22 367.88 1048.906 5636354.67858
23 339.6 1538.766 11954332.1738
160 74.62 374.732 707688.50352
421 304.67 336.674 659570.72028
222 501.12 882.69 4146829.4349
407 552.75 907.398 4422388.21452
345 156.37 714.74 2578717.9149
405 428.99 449.246 1193142.26268
347 210.19 723.368 2660486.15322
340 330.87 952.464 4645413.31338
341 181.91 757.264 2900335.07658
342 223.79 817.92 3395047.5961
343 350.87 992.008 5043509.11722
281 141.16 1413.128 10004579.8675
280 115.76 670.73 2262794.0421
283 203.18 874.732 3867062.47152
282 150.78 1330.154 8869282.92698
348 287.91 1071.958 5828361.93692
349 317.79 926.992 4397561.32442
409 609.57 611.2 2239402.7849
408 489.5 585.532 1953848.86512
288 257.79 687.256 2428059.73178
426 193.43 637.684 2070619.58418
56 439.36 565.794 1793651.46178
366 268.22 1424.688 10220621.4551
420 340.71 205.27 326762.1686
114 575.89 1376.569 9806360.35091
269 240.52 1454.15 10630610.9829
220 489.57 840.764 3774099.30338
423 168.52 569.92 1652443.0224
422 164.72 443.98 1012723.8804
59 165.88 260.074 365708.60178
58 207.2 298.458 488317.72882
61 286.7 405.256 903359.01768
55 424.36 800.104 3380913.46368
54 326.07 639.73 2152594.0094
57 288.93 494.73 1307269.4094
16 432.47 377.242 898587.93372
424 135.13 476.098 1151606.64492
379 579.79 1006.154 5397885.80268
378 429.31 1155.71 6862635.0966
416 358.8 311.534 614004.60578
417 378.4 403.742 958224.57282
410 551.47 786.088 3393790.87962
411 478.88 572.698 1869241.05042
298 182.24 880.79 3912166.5381
299 246.17 639.82 2107447.8309
372 551.73 1675.986 14349051.3539
418 414.19 305.694 638797.46428
419 339.33 227.467 373851.029345
377 567.86 1085.004 6208633.37968
376 580.89 857.812 4016640.32882
201 204.33 790.074 3162835.37628
319 168.56 1067.814 5729546.16658
318 160.76 1265.262 8030283.42082
199 146.3 751.816 2847540.17928
198 129.25 548.368 1520242.87962
200 147.44 366.162 692111.60482
195 174.1 649.548 2139873.83152
194 180.28 428.284 949636.80168
311 151.46 1188.992 7091450.01192
310 209.08 1185.694 7073065.75458
317 185.76 1053.982 5588897.05922
190 158.41 1156.055 6707409.54322
193 215.51 1112.634 6236216.64988
314 262.66 1121.136 6353719.92808
270 172.69 1419.22 10100748.8781
271 178.22 1214.814 7410627.64138
272 332.23 1165.814 6905988.18588
273 234.84 1337.55 9000349.8381
274 135.86 851.98 3647807.5416
275 181.13 472.818 1150592.38252
276 152.53 818.884 3376120.42818
394 361.19 723.826 2750078.60748
278 188.44 1653.868 13711906.4407
279 173.82 1045.639 5497017.984
399 413.21 485.032 1347022.70922
398 271.37 505.934 1353487.73868
204 283.57 1297.05 8492105.4574
414 496.84 532.73 1665856.2501
251 173.05 630.362 2016727.55772
207 203.39 1055.2 5608602.6921
415 366.0 289.856 554038.50368
256 421.16 904.23 4265535.2101
206 375.25 881.954 4030026.85308
257 573.65 848.508 3928903.45282
429 176.96 656.592 2186880.11392
428 207.08 767.862 2990942.38162
254 423.74 906.804 4291023.05968
368 303.09 1144.55 6641837.0606
312 113.22 518.994 1359592.62858
367 334.47 1039.242 5511989.85372
364 259.96 863.642 3796966.72242
365 139.59 996.034 4979904.01388
362 86.11 1712.752 14675011.9996
363 158.58 1151.54 6655369.4744
360 104.32 1221.12 7466552.9344
361 118.78 998.392 4998041.61672
308 274.52 1187.752 7129135.29792
309 263.39 1099.79 6117064.5126
303 221.91 722.084 2656270.56338
412 478.88 501.982 1489255.69602
115 477.54 1031.827 5551379.24125
300 221.59 742.25 2803777.4406
301 298.61 481.773 1249694.04974
302 134.05 311.802 504071.83852
413 533.37 459.8 1341563.7569
304 108.74 346.552 612315.83112
305 254.01 793.694 3214271.90828
306 184.89 846.176 3614253.42698
307 301.91 1063.32 5744396.7601
380 612.34 879.916 4246221.11088
381 538.77 1053.974 5844579.07628
382 499.81 823.458 3640225.42492
383 622.83 899.292 4431547.71522
241 171.06 1575.25 12436324.3361
240 136.86 935.922 4398480.61002
386 452.21 622.3 2140780.3341
387 527.95 606.016 2115008.16378
102 325.05 1503.718 11411496.6201
389 391.12 685.016 2499209.45568
100 204.81 1120.409 6318528.7725
107 303.37 764.828 3016842.70482
290 293.64 1046.713 5564264.97145
436 219.07 399.122 844483.51932
437 251.36 309.538 542250.71682
434 422.85 1161.544 6924724.44218
435 325.69 969.474 4805473.15948
432 270.49 831.066 3526518.32188
433 280.23 732.86 2763947.7509
430 251.14 1086.932 5970177.16272
431 265.87 1373.156 9498473.85858
384 493.17 609.076 2098084.51778
223 528.48 579.824 1960270.46528
60 372.31 491.866 1348275.54588
388 353.02 491.706 1333497.07258
62 327.91 485.618 1286649.17772
259 454.15 950.988 4728143.10322
64 450.28 1190.872 7293632.68032
65 343.59 782.546 3179945.29868
66 486.41 1690.542 14526255.9569
252 259.18 1493.704 11222932.4705
253 460.18 1733.7 15240344.0824
250 207.83 1289.214 8353556.99788
174 331.06 923.788 4376522.06832
173 292.88 1634.024 13435950.8573
172 120.57 1134.626 6451417.92428
171 202.16 1001.252 5053396.50312
170 108.62 679.374 2319543.46378
203 277.98 695.782 2497835.83802
289 256.01 543.223 1540997.25874
385 574.19 726.07 2965582.3806
390 341.86 429.132 1037639.62672
406 699.89 818.85 3842422.6246
346 249.34 900.914 4120400.61258
313 224.09 589.542 1788015.17692
404 271.38 349.676 685013.62928
186 131.7 1656.525 13737720.2681
187 205.13 1334.182 8942286.36252
184 124.18 1600.146 12817756.779
185 87.37 1184.27 7020110.6814
403 403.88 435.906 1113189.25858
188 109.53 668.566 2246899.30268
189 160.07 891.766 4001855.39868
202 258.93 545.624 1555572.49178
402 418.03 657.728 2337779.69082
425 155.0 502.166 1284878.45778
221 406.41 492.524 1378068.54098
401 460.28 451.538 1231290.50562
400 393.78 515.168 1482053.02952
316 259.35 942.742 4511074.81532
111 381.13 866.572 3899995.23282
168 218.45 1551.97 12090774.807
315 213.84 927.484 4346860.39688
228 239.05 1241.674 7765916.51388
164 232.74 1264.316 8046642.64688
205 258.86 1149.558 6674426.47642
161 115.5 948.656 4513081.28168
162 166.33 1142.32 6552140.5809
163 55.53 475.694 1134507.48908
393 389.88 782.672 3214883.71232
13 548.95 878.98 4164375.3045
12 384.68 979.698 4947019.55842
15 364.9 501.448 1390402.49352
14 427.74 634.554 2196255.40218
17 501.21 704.08 2729854.6961
392 254.87 358.818 708710.50252
19 389.49 633.072 2155603.24602
18 402.34 341.476 744906.76848
391 400.1 597.776 1946760.74088
284 227.94 1051.23 5577379.2081
110 401.23 502.77 1424873.8774
116 457.15 591.045 1955657.08262
287 210.27 485.314 1221861.86588
397 308.49 786.296 3186473.07818
286 376.97 1321.056 8868051.15658
396 500.19 901.622 4314801.19052
151 132.49 747.83 2813802.1446
150 174.22 634.518 2043418.07002
152 103.46 823.432 3400905.26472
395 469.41 871.684 4019510.72738
156 133.87 821.758 3394352.22972
159 71.08 355.234 636008.34018
158 88.6 461.614 1073287.38498
277 227.75 704.544 2533781.30218
113 505.93 817.043 3593761.48414
238 226.45 1078.845 5870812.27263
239 197.34 635.272 2056795.64552
234 107.67 842.782 3563000.32652
235 196.51 914.212 4217534.08482
236 256.44 831.194 3520178.80178
237 227.42 697.437 2483811.70125
231 123.09 1512.288 11450226.1228
232 92.71 1420.41 10096417.9846
233 137.21 1177.2 6947825.7841
63 366.3 667.59 2362557.7305
112 346.15 504.757 1393717.96775
322 304.28 1679.994 14204485.5186
323 291.19 1383.721 9658210.64531
320 124.47 1226.409 7535887.9573
427 275.54 1119.352 6340666.79112
146 269.73 718.946 2657171.02748
147 173.88 452.88 1055735.7264
144 232.05 977.104 4827508.33658
145 191.89 428.76 955997.4601
142 215.12 1072.504 5797600.76448
143 168.23 1283.138 8260516.96812
140 131.34 1170.566 6868373.99738
141 137.42 1060.952 5646979.98792
209 312.18 1088.412 6020659.76112
208 233.63 1649.104 13652302.991
148 281.15 1074.448 5851237.84602
149 278.63 1643.244 13578888.8946
255 360.51 539.2 1583650.6601
262 436.24 1618.314 13285006.3506
356 157.39 1384.436 9608086.80258
353 167.76 785.778 3115378.74402
352 176.87 1543.346 11940867.3755
351 190.56 1626.9 13270331.1636
350 125.99 775.324 3021510.00498
359 51.57 1407.66 9910192.8429
285 242.92 1379.299 9571338.78341
