420 338.65 204.834 324468.66028
59 166.02 260.4 366603.4404
419 338.4 226.948 372041.53352
58 208.21 298.594 489143.28828
302 132.08 311.756 503404.14408
437 251.47 310.328 544754.49882
415 366.92 289.766 554451.96018
304 110.01 346.83 613557.4446
159 71.84 354.638 634001.54082
421 303.88 335.488 655104.04512
416 357.92 329.006 669331.46658
404 272.86 350.396 688339.36368
200 147.98 366.271 692670.307605
418 413.43 323.096 692879.49098
160 75.71 374.282 706167.08172
392 254.31 358.866 708597.60588
18 400.8 341.134 742502.66978
436 218.74 399.55 846048.2001
16 430.68 377.118 896575.19202
61 287.12 406.394 908218.31058
194 182.85 428.412 951118.33122
145 190.16 429.32 957739.1376
422 163.5 442.86 1007357.148
417 377.7 421.138 1029443.36522
390 341.78 429.53 1039293.6729
147 173.43 453.212 1057083.54962
158 90.1 461.176 1071534.52488
403 405.08 436.282 1115799.72402
163 56.14 474.87 1130659.2841
424 132.65 474.77 1144628.787
275 180.22 472.016 1146474.76968
405 431.93 449.966 1198910.53068
287 210.42 485.644 1223527.05008
401 461.85 451.718 1233551.18012
301 296.06 480.973 1244326.65725
425 152.03 501.076 1278498.90978
62 327.35 485.994 1288108.86268
57 289.55 495.054 1309231.51708
388 352.55 492.55 1337319.015
413 534.14 460.248 1344446.64712
399 415.07 485.23 1349523.8694
60 373.07 492.496 1351942.77498
398 272.29 506.432 1356508.69722
312 113.64 520.042 1365132.45842
221 405.76 492.246 1376171.80018
112 344.1 504.119 1389084.6408
15 364.2 501.784 1391577.55328
110 398.43 502.026 1418896.98828
400 395.49 515.522 1485227.00252
412 479.54 502.614 1493062.77658
198 130.77 548.244 1519958.21058
289 255.55 543.252 1540919.48002
202 259.26 545.589 1555552.5322
255 363.61 539.18 1585787.5941
423 166.73 567.86 1640123.7909
414 496.93 533.002 1667395.08492
20 296.17 563.252 1673980.74642
313 223.58 590.009 1790541.11681
56 437.56 566.426 1795650.82098
411 479.54 573.48 1874355.1636
391 398.58 598.25 1948381.3289
116 456.77 590.923 1954588.79255
223 529.04 579.738 1960364.06482
408 491.05 586.706 1962249.75468
251 173.36 630.46 2017452.7476
150 174.99 635.011 2046816.3507
239 199.49 635.39 2058398.5206
426 191.42 636.586 2062850.29338
384 494.37 609.322 2100768.19532
299 246.57 639.514 2105687.54588
387 528.55 606.618 2119292.09212
195 176.36 649.438 2139951.42882
386 452.58 622.966 2145261.84218
19 388.23 632.728 2152446.14282
54 326.35 639.81 2153288.503
429 174.79 656.634 2186392.59388
14 426.58 634.666 2195975.15418
409 610.67 612.17 2246678.3934
188 109.49 668.586 2247024.25708
280 116.62 670.968 2264590.50952
170 109.79 678.192 2311775.78842
402 419.66 658.466 2344001.88138
63 365.87 668.622 2369137.75132
217 431.61 661.964 2377268.87858
288 258.29 687.479 2429850.60131
237 228.4 699.263 2497010.27585
203 277.81 695.677 2497010.83774
389 391.73 685.928 2505938.49882
277 226.51 703.889 2528605.40171
345 159.66 714.281 2576478.05041
303 222.8 722.038 2656334.20722
347 211.28 723.344 2660771.95008
146 269.99 719.437 2660842.58494
17 498.6 704.002 2726696.04002
394 361.3 724.674 2756299.72138
433 280.07 733.324 2767259.64978
300 221.07 741.946 2801291.27948
199 145.95 751.576 2845633.82138
214 261.08 746.632 2855459.48352
341 183.9 756.8 2897550.41
385 575.43 725.972 2966296.40882
428 205.59 767.124 2984663.40498
107 304.39 764.603 3015742.01014
350 126.32 775.256 3021066.07008
353 167.88 786.744 3123014.30208
201 203.54 789.753 3159977.53664
151 140.57 794.461 3175601.3275
65 345.65 782.622 3181959.89692
397 309.25 787.33 3195078.207
305 254.19 793.644 3213966.54978
393 389.03 783.428 3220141.49682
276 153.31 818.312 3371676.60282
55 424.47 801.144 3389333.32458
156 136.15 821.128 3389792.78442
342 226.65 817.777 3395166.33115
152 105.81 823.599 3402772.32011
410 552.23 787.212 3403471.63762
236 256.63 832.366 3530024.74668
432 269.89 831.58 3530467.0941
234 109.15 842.892 3564248.34082
113 503.34 816.055 3583079.97073
306 185.46 846.436 3616664.92208
274 136.84 851.5 3643986.4356
382 502.0 824.0 3646884.0
213 315.73 850.728 3718376.08282
220 488.63 840.466 3770674.76268
210 286.21 862.276 3799515.66498
364 259.01 864.128 3800672.18202
406 703.1 820.054 3856792.42458
283 204.17 875.464 3873871.46538
111 379.09 865.316 3887568.12738
298 184.23 881.146 3916032.05948
257 575.06 848.488 3930353.43432
376 581.72 857.834 4017794.01618
189 160.32 893.624 4018521.76928
395 469.17 872.186 4023662.58188
206 376.58 881.966 4031132.62218
346 252.4 901.789 4129822.7626
222 502.53 882.294 4144749.91308
13 547.84 878.82 4161751.6276
235 197.99 914.946 4224830.95468
380 612.96 880.104 4248635.21568
256 422.95 904.232 4267064.25162
254 425.03 906.84 4292444.4289
396 501.24 902.12 4320344.0096
315 213.39 927.535 4347141.17322
174 333.26 923.064 4371297.96808
240 137.38 935.578 4395404.23482
349 320.84 927.668 4405777.89672
383 623.19 899.552 4434334.77962
407 555.26 909.01 4439809.5681
161 117.16 947.696 4504365.00768
316 259.29 942.68 4510459.2161
340 333.82 952.672 4649355.49032
259 453.48 950.972 4727382.83432
144 231.14 973.911 4795938.8792
435 325.43 970.32 4813509.1969
218 445.27 963.546 4840369.84348
12 382.56 980.206 4950371.16578
365 138.31 996.056 4979767.43178
361 118.73 999.17 5005800.2574
171 203.62 1000.166 5043121.24218
343 354.17 992.439 5050112.2325
379 579.77 1006.344 5399774.48458
279 174.34 1045.953 5500482.82665
367 332.57 1039.188 5510161.30162
115 476.51 1031.027 5542145.15375
219 440.92 1035.946 5560331.02098
290 292.29 1046.67 5563023.8886
284 228.31 1051.624 5581690.64298
317 184.27 1054.053 5589094.06695
141 138.15 1056.098 5595800.35052
207 203.5 1054.76 5604005.538
22 367.2 1048.758 5634302.55282
319 168.58 1068.128 5732906.33832
307 302.87 1063.602 5747976.30892
142 214.01 1072.716 5799398.36338
348 289.11 1071.93 5828754.2166
381 538.58 1053.396 5838284.08048
148 283.87 1074.249 5850636.7469
238 227.95 1079.606 5879706.77868
430 250.07 1087.056 5970988.74058
209 310.88 1088.432 6020067.46752
309 264.07 1100.062 6120414.98412
215 232.07 1108.342 6195966.42972
377 569.38 1085.066 6211034.70618
193 218.25 1112.28 6233467.0545
100 202.25 1115.519 6262818.25931
427 273.2 1118.032 6324616.00512
314 262.52 1122.021 6363572.37261
172 122.79 1134.204 6447170.95218
162 167.36 1141.202 6539719.39362
368 302.48 1144.96 6646161.1584
363 157.92 1151.466 6654308.47218
205 259.79 1149.29 6671828.3646
190 160.33 1162.969 6788190.1837
140 131.43 1165.552 6809831.16842
378 430.43 1156.126 6868406.62428
272 330.38 1164.781 6892724.8342
434 423.5 1162.014 6930734.93098
233 136.48 1178.028 6957376.63432
216 401.21 1166.808 6968174.00842
185 87.38 1184.214 7019449.25338
310 210.56 1186.778 7086545.62002
311 152.78 1189.706 7100343.56058
308 276.83 1187.864 7131739.26138
64 452.97 1190.872 7296062.42282
271 178.65 1214.22 7403566.8645
360 103.78 1221.41 7469982.2289
320 124.2 1226.494 7536863.30018
25 389.24 1219.72 7590092.1696
228 239.11 1241.57 7764653.9166
164 235.68 1263.116 8032855.20968
318 160.49 1265.594 8034397.90428
143 169.22 1283.635 8267229.47452
250 206.9 1289.35 8354924.7225
24 517.15 1278.274 8437366.21788
204 284.01 1302.379 8561616.9783
212 242.31 1324.12 8825183.0081
286 376.64 1321.416 8872558.91488
282 151.22 1330.492 8873912.29872
187 204.55 1330.544 8893577.38218
273 235.23 1337.778 9003583.03932
21 718.04 1335.43 9432447.8661
431 266.24 1373.352 9501362.31712
285 242.56 1379.618 9575564.48322
356 158.04 1384.92 9614993.6736
323 292.03 1384.05 9663253.5334
114 575.58 1375.725 9794388.71453
359 52.4 1407.746 9911489.76258
281 141.32 1413.42 10008751.8244
232 92.35 1420.642 10099646.9833
270 171.99 1419.476 10104141.133
366 267.18 1424.746 10220890.975
269 241.0 1454.3 10633023.45
211 241.72 1481.828 11037499.6663
252 258.65 1493.86 11224988.3205
102 324.65 1503.164 11402907.677
231 122.29 1512.47 11452782.3486
352 178.93 1544.126 11953641.4643
23 339.06 1538.978 11957228.106
168 218.97 1550.6 12069749.6609
241 170.96 1576.498 12455957.0416
184 125.21 1600.054 12816541.5587
351 193.67 1627.184 13276146.9182
262 434.74 1618.276 13283084.9285
173 295.53 1632.942 13419835.8577
149 279.66 1644.225 13595588.9687
208 233.89 1649.018 13651006.3537
278 187.31 1653.643 13707760.8933
186 132.58 1656.191 13732420.5988
322 305.81 1680.748 14218088.9536
372 552.68 1676.162 14353050.4336
66 489.05 1690.45 14527275.915
362 84.78 1712.768 14675058.7575
253 460.88 1733.774 15242271.7898
