216 401.47 1167.399 6975280.2869
217 431.07 662.876 2382844.30178
214 262.25 748.146 2867387.24908
215 232.07 1110.16 6216132.6129
212 243.81 1324.812 8835077.49282
213 318.1 851.382 3725444.15962
210 286.93 864.252 3816986.42242
211 240.26 1484.005 11069079.0677
218 445.53 967.06 4874522.1989
219 439.43 1037.83 5578554.2694
24 516.77 1277.903 8432231.61995
25 388.51 1219.393 7585536.46234
20 298.79 562.968 1673940.30922
21 720.41 1335.003 9430155.61815
22 370.31 1048.636 5635316.79858
23 339.51 1538.903 11956379.2571
160 75.43 375.012 708859.68562
421 303.03 335.852 655810.01042
222 501.46 883.7 4156090.5816
407 555.21 909.13 4440844.9286
345 156.65 713.114 2567197.10748
405 431.41 450.074 1198947.61548
347 211.81 722.744 2656657.92378
340 331.66 952.646 4647670.36218
341 181.36 756.294 2892794.52178
342 224.35 817.28 3390065.9145
343 347.64 990.274 5024066.54498
281 139.2 1411.826 9985639.91138
280 113.47 669.598 2254682.84892
283 203.55 873.366 3855273.45228
282 148.59 1329.2 8855942.1881
348 289.49 1071.392 5823208.54842
349 322.69 927.041 4401153.91451
409 612.39 611.608 2245343.24042
408 492.09 586.616 1962744.22538
288 256.41 686.79 2424148.6086
426 190.8 637.66 2069456.018
56 434.42 565.44 1787332.7044
158 88.9 461.896 1074642.78408
366 269.18 1424.698 10221279.8284
420 341.41 205.148 326989.29762
114 577.66 1376.894 9812876.51178
269 243.1 1453.766 10626275.5238
220 488.21 841.53 3779212.7086
423 168.0 569.042 1647267.98882
422 163.42 444.012 1012439.37712
59 165.65 259.382 363835.03212
58 209.17 297.638 486693.98412
61 280.77 405.17 899645.4374
55 417.35 800.08 3374821.0545
54 322.25 639.734 2150143.01628
57 285.76 493.662 1300169.62882
16 429.98 376.97 895414.7049
424 132.36 476.216 1151427.56288
379 578.56 1006.132 5396239.68072
378 427.55 1155.682 6860803.42812
416 360.38 311.922 616350.41482
417 380.67 404.436 962752.03938
410 555.75 786.278 3400023.52892
411 482.77 573.006 1874746.25308
298 184.62 881.038 3915224.33162
299 248.32 639.444 2106105.96808
372 550.67 1675.646 14342185.0355
418 416.03 306.524 642865.77378
419 341.02 228.165 376590.976525
377 563.77 1085.38 6208085.3349
376 576.32 857.82 4011420.5044
201 201.97 790.58 3165875.5629
319 169.22 1067.25 5723748.2209
318 161.57 1265.59 8034695.1054
199 146.33 752.48 2852543.2209
198 132.36 548.656 1522636.20128
200 146.36 367.324 696055.85448
195 176.53 649.844 2142648.96258
194 182.89 428.818 952873.13772
311 152.34 1189.532 7098139.37072
310 210.0 1186.472 7082679.03392
317 186.15 1054.045 5589706.13262
190 158.97 1162.395 6781082.14103
193 217.87 1112.922 6240444.22732
314 263.46 1121.843 6362069.75484
270 172.13 1419.544 10105154.5766
271 174.39 1214.206 7401892.92428
272 327.29 1196.558 7265873.98092
273 233.35 1337.99 9005538.423
274 132.18 851.25 3640604.3649
275 177.39 471.938 1145094.59132
276 150.05 817.798 3366482.84652
394 367.08 723.85 2754541.8389
278 185.68 1652.558 13689216.7792
279 173.38 1044.342 5483311.68922
399 412.95 485.428 1348729.41842
398 271.99 506.114 1354735.46508
204 282.74 1303.992 8581917.58792
414 498.33 532.928 1668394.05482
251 172.36 629.906 2013615.81378
207 202.65 1057.268 5630145.14162
415 367.63 290.024 555721.41978
256 420.83 904.198 4264968.00492
206 375.36 882.912 4038563.12832
257 574.48 848.458 3929432.15922
429 176.1 657.044 2189545.29968
428 206.52 768.026 2991970.19378
254 422.68 906.398 4286445.05442
368 304.3 1144.918 6646784.62362
312 114.19 519.888 1364457.01882
367 336.32 1039.158 5512357.88722
364 262.24 863.888 3800282.20032
365 139.36 996.0 4979501.2096
362 86.62 1712.746 14674997.327
363 160.23 1151.416 6654467.67818
360 104.71 1221.017 7465376.75555
361 119.74 999.02 5004542.4696
308 276.83 1187.846 7131525.44748
309 265.07 1099.866 6118788.19468
303 221.49 721.578 2652431.87052
412 482.77 502.126 1493719.47228
115 474.87 1032.265 5553356.66803
300 223.15 741.332 2797661.59362
301 295.42 512.606 1401097.53258
302 131.81 311.452 502385.61762
413 535.48 459.7 1343359.2804
304 108.39 346.61 612440.8526
305 256.42 793.452 3213581.59792
306 187.89 846.778 3620467.55852
307 307.02 1063.07 5744850.4049
380 609.69 879.89 4242753.9566
381 536.53 1054.026 5842718.48428
382 501.41 824.032 3646555.67322
383 620.77 900.02 4435535.3949
241 169.47 1575.886 12445803.5059
240 135.16 935.24 4391637.5136
386 454.97 622.736 2145998.32938
387 531.07 606.114 2118906.24988
102 325.62 1504.242 11419748.3572
389 393.47 685.11 2501697.2014
100 203.17 1117.839 6289098.1985
107 305.45 765.084 3020067.33778
290 291.79 1046.679 5562826.04931
436 222.29 399.698 848205.30012
437 254.96 310.22 546186.8436
434 425.36 1162.144 6933824.51328
435 329.06 970.438 4817030.04282
432 270.9 831.7 3532011.26
433 283.12 733.458 2769960.12322
430 249.16 1087.356 5973796.05928
431 266.64 1373.302 9500888.80562
384 493.65 609.778 2102836.36892
223 529.13 580.16 1962906.6849
60 369.02 490.912 1341148.71912
388 354.46 491.622 1334102.84602
62 323.47 485.638 1283854.17612
259 453.87 950.999 4727993.4669
64 445.62 1189.786 7276530.81338
65 344.03 782.178 3177368.75932
66 488.41 1690.232 14522965.3972
252 257.09 1493.536 11219344.1846
253 459.14 1733.41 15234360.6801
250 205.78 1288.924 8348970.79728
174 333.82 925.286 4392206.70138
173 295.28 1636.224 13473335.1693
172 120.13 1135.342 6459438.50172
171 202.34 1002.71 5068078.1961
170 108.38 680.712 2328590.35912
203 276.24 696.916 2504768.09288
344 74.81 245.336 306545.30058
385 577.18 726.424 2971595.89128
390 343.52 429.018 1038288.21202
406 702.59 819.95 3855222.7206
346 250.65 900.226 4114859.67788
313 224.01 589.997 1790662.78015
404 272.33 350.494 688393.84908
186 129.7 1657.239 13749027.6056
187 202.28 1332.388 8917206.11112
184 123.74 1600.306 12820208.0558
185 87.99 1184.22 7019627.2821
403 403.59 436.766 1116707.58188
188 109.26 668.552 2246746.63112
189 158.74 892.304 4006230.52968
202 257.33 545.998 1556787.80892
402 418.81 658.474 2343341.85948
425 151.95 502.138 1283801.65772
221 405.26 493.306 1380989.71578
401 458.41 451.718 1230385.48572
400 393.3 515.764 1484747.40848
316 317.6 1032.317 5429261.70245
111 381.41 867.193 3905592.08435
168 217.16 1552.806 12103190.8338
315 213.57 927.573 4347570.49655
228 237.35 1241.887 7767751.62635
164 231.4 1265.854 8065477.70658
205 258.2 1149.814 6677028.41298
161 115.96 949.73 4523382.0861
162 167.72 1144.066 6572565.06018
163 55.1 475.924 1135554.27888
393 391.71 782.988 3218787.76482
13 551.9 878.672 4164916.02792
12 382.16 979.993 4947977.66584
15 364.85 501.333 1389789.40694
14 426.42 634.33 2193706.7609
17 498.29 703.652 2723923.60962
392 258.21 358.896 710704.09818
19 391.35 632.596 2154043.31858
18 401.16 340.95 742163.8581
391 402.63 597.476 1946998.76978
284 225.01 1050.322 5566511.01852
110 402.46 502.821 1426118.8418
116 454.37 591.175 1953891.50002
287 209.04 484.684 1218290.62088
397 309.76 786.93 3192245.3821
286 377.27 1320.391 8859494.6173
396 501.0 902.11 4320013.2605
151 142.0 795.659 3185530.2214
150 176.76 635.079 2047870.77881
152 105.25 824.995 3414161.31263
395 471.92 871.854 4023355.47298
156 134.55 823.929 3412398.68771
159 70.42 354.94 634870.9944
289 255.24 543.183 1540386.31505
277 224.41 735.268 2753455.00722
113 505.63 817.514 3597307.39788
238 226.77 1078.814 5870622.86588
239 198.6 635.388 2058031.51272
234 104.25 842.684 3561449.68178
235 192.17 914.754 4220803.71148
236 258.94 832.292 3530599.78992
237 229.24 697.903 2487893.96465
231 122.16 1512.478 11452871.568
232 92.02 1420.602 10099017.8924
233 136.72 1178.332 6961023.86952
63 362.18 667.414 2358381.58938
112 345.18 505.108 1394819.69072
322 307.13 1679.13 14191716.6214
323 292.56 1383.202 9651830.21762
320 125.19 1226.11 7532401.1966
427 272.11 1119.874 6344632.73148
146 271.27 718.858 2657371.53372
147 174.51 452.772 1055466.16002
144 229.03 975.152 4807061.85642
145 191.19 428.69 955429.1966
142 210.53 1072.484 5795432.53218
143 166.62 1283.148 8260106.17392
140 130.95 1168.02 6838501.5045
141 134.99 1058.376 5619021.08698
209 311.76 1088.644 6022923.09128
208 231.75 1649.539 13658602.6251
148 284.68 1075.849 5868298.05641
149 279.17 1644.759 13604096.7293
255 361.04 538.964 1582760.84808
262 435.11 1618.315 13284037.9082
356 160.42 1384.298 9607139.34042
353 170.62 785.802 3116535.10042
352 180.83 1543.536 11945216.4054
351 192.72 1626.41 13263188.4389
350 126.16 774.354 3014036.93218
359 52.57 1407.62 9909733.9269
285 241.16 1378.701 9562240.3826
