344 74.43 246.408 309124.33722
420 341.95 205.356 327785.23618
59 166.29 260.63 367292.3486
419 341.53 228.134 376868.35068
58 209.74 298.908 490720.82992
302 132.59 311.878 503919.54252
437 254.24 309.536 543700.65408
415 370.8 289.896 557691.09408
304 109.81 346.67 612958.6806
416 361.7 311.72 616673.682
159 72.77 354.452 633476.57442
418 416.75 306.37 642993.447
421 304.7 336.318 658391.07562
157 58.48 371.054 691825.26498
404 273.26 351.362 691947.30282
200 146.98 367.18 695708.8824
160 77.15 374.5 707203.3725
392 256.9 358.792 709656.10632
18 397.95 341.48 741407.1545
436 222.66 398.95 845382.9881
16 429.3 377.186 895644.88298
61 281.8 405.89 903144.7005
194 182.25 428.74 952305.0005
145 192.39 429.624 959897.81898
417 381.92 404.586 964312.04338
422 163.99 444.194 1013434.26828
390 344.41 429.8 1042258.4481
147 174.73 453.612 1059349.80562
158 90.18 461.194 1071631.96058
403 404.99 436.834 1118136.61788
163 56.28 475.428 1133326.35432
275 179.69 472.504 1148588.64618
424 133.51 476.072 1151047.66602
405 432.95 450.938 1204171.10172
287 211.76 485.314 1222490.69058
401 459.8 451.768 1231887.66912
425 152.96 501.714 1281981.45058
62 324.05 485.782 1284929.16012
301 297.91 489.614 1287359.71308
57 286.97 495.146 1308199.58748
388 355.03 493.124 1341902.69778
60 369.71 492.464 1349289.44058
413 537.48 460.576 1349536.00928
399 414.26 485.404 1349696.56368
398 273.14 506.004 1354805.69968
312 113.97 519.492 1362348.85122
221 407.42 492.868 1380585.38352
112 342.59 504.073 1387815.85474
15 361.94 501.642 1389224.04442
110 398.39 501.778 1417620.39852
400 394.24 515.968 1486540.06272
412 483.0 502.94 1498032.218
198 130.39 548.31 1520220.8326
289 256.84 543.366 1542199.83538
202 257.59 545.574 1554607.55548
255 360.44 538.778 1581325.66002
423 166.96 569.714 1650745.85058
414 500.43 533.426 1673146.67228
20 297.98 563.326 1675472.99178
313 223.92 589.788 1789389.59112
56 433.57 566.112 1790396.92762
411 483.0 573.746 1879211.36258
391 401.61 598.09 1949848.8326
116 454.95 590.939 1953024.01111
223 531.73 579.924 1964296.02178
408 492.03 587.912 1970296.11962
251 171.87 629.688 2012074.18362
150 175.35 635.836 2052184.71698
239 197.8 635.486 2058337.12098
426 191.62 637.232 2067041.33352
384 492.97 609.95 2103214.4334
299 249.07 639.766 2108538.53868
387 531.42 607.302 2126485.81242
195 175.85 649.496 2140148.49258
54 324.14 639.707 2151191.96885
386 455.22 623.894 2153443.86458
19 388.81 633.098 2155238.60412
429 176.47 656.532 2186312.99602
14 424.8 634.622 2194180.45442
188 108.95 668.586 2246906.29948
409 612.89 612.892 2253817.17042
280 116.93 670.534 2261751.85068
170 108.95 678.85 2316056.715
402 418.55 658.884 2345824.72978
63 363.66 668.196 2364678.06768
217 434.5 662.532 2383533.50512
288 259.1 687.28 2428901.802
237 229.2 699.068 2496012.98312
203 278.04 696.784 2504845.95488
389 394.42 685.956 2508245.30608
345 156.24 715.876 2586803.17448
277 226.89 712.234 2587865.42588
303 223.35 722.134 2657272.79228
146 271.49 719.96 2665418.8281
347 212.06 724.794 2671601.15578
17 496.79 704.13 2725795.5886
394 365.75 724.196 2756072.29458
433 283.68 732.652 2764369.10792
300 223.95 742.274 2805007.05788
151 133.15 748.484 2818870.41378
199 145.7 751.862 2847710.82522
214 264.41 748.08 2868031.0801
341 180.4 758.012 2905455.12072
385 577.89 727.352 2979161.51162
428 207.31 767.816 2990684.48538
107 304.83 764.62 3016140.0509
350 126.91 777.0 3034751.1481
353 170.54 786.844 3124701.29328
201 202.68 789.4 3156840.9824
65 345.28 783.048 3185039.12992
397 309.96 787.142 3194037.84242
305 255.0 793.556 3213680.62568
393 390.62 783.276 3220190.44528
276 152.09 818.414 3372138.74508
55 419.18 800.584 3380385.57768
342 223.37 818.428 3399016.11282
156 134.34 822.806 3403095.80378
410 554.79 787.342 3407329.06892
152 103.37 824.664 3411038.92138
432 271.71 830.842 3525318.46892
236 258.15 832.206 3529475.55468
234 106.82 842.668 3561857.30352
113 501.74 815.925 3580411.05572
306 186.66 846.372 3616569.76752
274 135.65 851.618 3644667.01212
382 501.53 824.52 3650698.4929
213 319.59 851.382 3726394.31772
220 490.18 841.084 3777387.90768
364 260.77 863.802 3798770.46892
210 289.22 864.226 3818081.10378
406 703.17 821.036 3864948.61538
283 207.71 874.736 3868958.79258
111 378.13 865.468 3888156.59202
298 184.52 880.964 3914535.47688
257 573.5 848.394 3927764.14618
376 578.73 857.816 4014169.86218
189 158.89 893.37 4015795.8166
395 471.65 871.636 4021200.30498
206 376.66 882.93 4039699.6801
346 251.47 902.506 4135822.56108
222 504.74 883.032 4153490.03272
13 547.86 878.996 4163320.41968
235 194.46 914.672 4220939.02952
380 610.43 879.944 4244132.00058
256 420.83 904.01 4263268.2894
254 422.82 906.406 4286635.93658
396 500.74 902.098 4319644.55562
315 215.45 927.743 4349954.07275
174 335.62 923.671 4378481.3656
240 135.74 935.054 4390055.26218
349 322.95 928.01 4410309.503
383 621.07 900.176 4437312.09978
407 556.16 910.47 4454092.0501
161 117.67 948.212 4509376.21362
340 330.28 952.834 4648548.03618
259 453.11 950.978 4727104.45452
144 230.26 973.952 4795932.15912
435 328.45 969.312 4805708.16922
218 448.6 964.944 4856826.57568
12 381.76 979.89 4946662.7581
365 139.17 996.072 4980165.43482
361 119.48 998.824 5002522.38528
343 348.14 992.63 5047773.0441
171 201.26 1000.919 5049699.8104
316 318.52 1009.019 5192051.7022
379 578.25 1006.164 5396203.03698
279 175.43 1045.582 5496984.27852
367 333.04 1039.246 5511076.88418
115 474.41 1031.201 5541942.36011
290 290.91 1046.692 5562449.34242
219 441.74 1036.862 5570548.26282
284 229.29 1051.39 5579678.5646
317 186.58 1054.051 5589929.64941
141 136.59 1056.114 5595540.73308
207 203.89 1056.74 5625068.2701
22 367.83 1048.956 5636842.35858
319 170.38 1068.169 5733954.40721
307 304.39 1063.452 5747304.05362
142 212.85 1072.95 5801413.635
348 289.69 1073.122 5841874.43052
381 537.07 1054.34 5846608.3629
148 283.54 1075.578 5864735.10202
238 225.01 1079.553 5877802.89915
430 249.09 1087.562 5976001.34732
209 312.09 1088.654 6023237.82668
309 263.36 1099.924 6118522.51848
215 233.01 1109.454 6208734.55068
377 563.64 1085.51 6209349.8501
193 216.75 1111.76 6227032.0505
100 205.24 1115.558 6264471.71442
427 272.11 1120.068 6346805.47522
314 260.99 1121.498 6356904.60012
172 121.25 1134.469 6449801.1223
162 170.21 1143.348 6565194.68962
368 303.56 1144.594 6642625.79778
363 158.47 1151.548 6655426.72242
205 258.64 1149.068 6668680.99272
190 156.94 1158.053 6730063.91764
140 132.09 1165.546 6809935.15868
378 427.53 1156.64 6871862.3489
434 425.57 1161.374 6925057.66428
233 137.32 1177.834 6955321.44018
216 404.85 1167.104 6974562.25658
272 330.83 1173.388 6993645.48162
185 88.7 1184.218 7019729.04762
310 209.19 1186.566 7083454.81788
311 152.79 1189.384 7096516.28138
308 274.59 1187.87 7130575.3526
64 448.76 1191.436 7298984.24808
271 178.02 1214.564 7407519.67088
360 102.32 1221.464 7470340.89888
320 125.74 1226.357 7535568.00485
25 385.65 1219.57 7585480.847
228 237.3 1241.696 7765356.07208
318 161.18 1265.519 8033670.68921
164 233.41 1264.322 8047030.82652
143 166.09 1283.756 8267733.22578
250 205.59 1289.104 8351212.86218
24 513.54 1278.328 8434335.70952
204 282.29 1297.468 8496803.69922
212 245.22 1324.796 8835555.05648
282 150.74 1330.044 8867807.75728
286 379.04 1321.069 8869787.8354
187 203.25 1330.218 8888710.20012
273 234.83 1337.824 9004010.40378
21 720.68 1335.425 9436179.31553
431 267.38 1373.854 9508866.13098
285 243.9 1379.355 9572588.29013
356 160.3 1384.988 9616654.89072
323 293.26 1383.72 9659406.6196
114 574.06 1375.691 9792173.52101
359 52.08 1407.802 9912244.68242
281 141.8 1412.946 10002189.2346
232 93.17 1420.514 10097980.7699
270 173.17 1419.336 10102561.2534
366 269.41 1424.696 10221375.2102
269 242.98 1454.124 10631422.3173
211 242.06 1483.938 11068952.9828
252 256.75 1493.238 11214719.1857
102 323.95 1503.318 11404768.6481
231 122.96 1512.404 11451948.4577
352 181.86 1544.02 11953061.8616
23 337.0 1538.854 11953927.1666
168 216.83 1551.024 12075392.4918
241 169.91 1575.996 12447686.3682
184 123.1 1600.108 12816881.6683
262 434.61 1618.274 13282939.5475
351 193.65 1628.112 13291243.7452
173 296.23 1633.985 13437287.114
149 278.05 1645.64 13617966.8505
208 232.88 1649.338 13655812.2856
278 187.95 1653.714 13709175.1715
186 131.38 1656.806 13742291.3126
322 308.2 1680.232 14210885.1091
372 552.29 1676.37 14356106.1286
66 489.72 1691.194 14540511.4066
362 85.86 1712.762 14675140.2828
253 457.5 1733.224 15229633.4209
