66 398.7 347.36 762256.538
172 182.63 409.718 872697.91452
113 325.15 787.508 3206566.77282
156 685.6 1277.97 8636083.9645
168 65.42 1165.458 6795741.52522
62 91.67 836.282 3505241.30652
112 446.49 852.297 3831404.20115
70 92.65 1358.312 9233641.46922
98 479.09 598.602 2021149.00012
133 161.21 895.78 4038097.7061
132 153.06 1222.174 7491973.79498
131 211.33 1239.052 7720909.66242
130 360.04 1316.536 8795963.99808
137 257.43 515.522 1395084.86732
136 414.14 655.246 2318248.54218
135 309.13 819.764 3455626.43538
134 289.19 1022.07 5306766.2806
177 228.19 1137.479 6521363.0533
176 123.17 1107.638 6149480.54412
139 332.66 871.962 3912251.32282
138 292.0 766.388 3022016.83272
86 422.16 723.8 2797651.2656
80 79.42 1295.796 8401743.90448
84 330.63 745.344 2887004.58858
85 291.08 1018.608 5272538.85472
67 572.37 866.958 4085688.28572
140 441.39 1188.398 7256274.16412
169 62.55 1111.628 6182496.55442
79 130.98 1523.836 11627536.5349
63 170.16 436.104 979887.91968
173 65.54 302.616 462177.70888
175 200.94 970.7 4751669.3336
87 463.89 614.452 2102950.23362
96 413.35 612.106 2044226.99868
74 346.58 1719.648 14906063.9159
171 225.52 1005.084 5101828.50568
64 420.34 677.066 2468777.55738
170 136.51 916.952 4222639.83162
68 225.34 574.908 1703374.15792
118 345.59 739.968 2857195.65322
75 293.21 594.548 1853408.72562
119 357.82 831.732 3586925.75152
89 504.18 714.484 2806634.40368
142 475.83 1617.382 13306036.8585
97 467.94 834.456 3700551.92328
109 253.47 1238.294 7731107.19308
141 374.14 828.628 3573102.55152
60 66.0 880.392 3879806.36832
120 317.22 1355.58 9288614.2104
121 306.81 612.604 1970550.68018
122 323.54 897.106 4128674.00778
123 410.35 993.91 5107672.563
124 276.59 463.384 1150125.68538
125 223.24 514.528 1373531.41152
126 302.9 441.38 1065829.932
127 307.36 844.496 3660337.63968
164 324.32 1327.636 8918270.20488
129 262.5 680.57 2384783.8745
100 398.23 699.106 2602333.12908
92 574.64 638.258 2367077.50242
160 630.07 1130.414 6786167.26188
161 521.59 1641.922 13751595.3985
162 462.46 622.84 2153517.5796
163 192.61 633.322 2042582.39052
91 255.15 408.96 901342.9305
115 378.22 263.132 489242.61552
65 398.7 347.36 762256.538
58 260.42 906.204 4173847.02448
114 352.03 613.477 2005695.26854
55 172.52 105.736 85663.65888
57 239.68 568.736 1674749.69088
56 298.3 490.694 1292885.89818
61 107.29 585.954 1728221.59468
88 568.84 871.838 4124086.43682
117 491.82 859.906 3939078.55658
99 589.61 1109.342 6500838.31692
77 439.51 1470.326 11002461.7715
95 570.59 515.002 1651708.24812
116 403.25 431.748 1094642.24002
78 134.32 1262.349 7985666.85141
111 503.87 1730.836 15232851.2714
73 287.37 1127.81 6442358.4974
69 260.43 1413.764 10061467.0234
90 345.65 734.997 2820576.87255
110 175.31 787.582 3132160.62972
