133 107.45 1045.03 5471984.007
132 91.66 1324.464 8779425.99208
131 170.2 1359.888 9275444.90272
130 363.2 1455.066 10717999.5618
137 307.12 716.642 2662201.47522
136 457.19 710.266 2731411.64988
135 407.49 963.404 4806784.43618
134 300.5 1025.936 5353023.63048
139 131.6 802.318 3235889.42562
138 223.19 747.994 2847288.89628
95 634.0 705.25 2888843.8125
28 75.03 142.366 106969.89068
29 173.31 639.931 2077594.7799
161 470.97 1500.928 11485737.0468
162 471.35 664.04 2426916.4305
163 223.12 639.85 2096822.6469
120 327.95 1070.376 5836075.10938
129 278.67 684.454 2420043.35948
91 266.63 454.488 1103888.26762
58 238.82 728.734 2712301.20618
55 588.86 728.822 3002663.63802
54 419.39 337.576 745675.75098
57 320.47 609.464 1959932.85738
56 306.43 401.681 900637.473705
51 487.1 766.064 3171536.67048
50 703.83 963.142 5133589.22972
53 439.37 610.48 2056475.1489
52 524.63 546.312 1767520.64362
190 557.78 1150.266 6926677.88218
114 449.14 995.43 5156131.1641
117 608.47 944.102 4826878.67292
116 543.81 595.118 2066556.48572
111 466.58 1890.404 18085833.3125
110 170.46 804.232 3263002.16072
113 401.87 713.464 2706653.89338
112 415.42 839.552 3696811.57992
80 92.57 1420.946 10104006.8795
119 485.97 934.256 4600338.20858
118 282.48 468.452 1177031.33192
84 367.6 844.226 3698717.45538
85 235.53 1021.262 5270354.74412
109 208.41 1126.09 6383828.1686
100 466.62 785.608 3303633.87272
39 434.27 393.252 961826.11042
38 543.08 406.336 1120480.61088
33 306.98 417.576 966085.29928
32 125.72 267.1 372517.5684
30 97.21 264.094 358177.98828
37 655.67 841.066 3966863.23068
36 423.62 387.282 929390.64202
35 333.45 302.986 570191.48348
34 391.37 299.917 602921.511345
60 179.36 1010.678 5139520.10802
61 367.92 733.072 2822337.91232
62 71.0 861.248 3713781.58752
63 151.13 480.822 1178789.25532
64 357.61 768.132 3078018.75922
65 409.4 409.928 1007813.18592
66 320.7 418.922 980326.70042
67 454.42 805.14 3447749.6344
68 246.43 575.44 1716383.7129
69 357.54 1409.398 10059848.4636
174 317.3 679.023 2406040.46265
172 348.09 663.491 2322268.1835
171 452.64 1193.597 7328251.96164
170 139.9 984.391 4864700.21441
189 794.56 888.114 4575057.97858
99 539.51 1111.218 6465098.25772
98 437.37 610.476 2054697.24978
164 339.2 1252.132 7954229.36712
90 258.12 964.752 4720358.04192
93 857.19 825.944 4145692.15178
92 583.1 886.396 4268494.95408
160 625.52 1209.076 7700599.13928
94 540.86 455.32 1329111.0516
97 562.28 752.336 3146206.08288
96 598.1 763.54 3272690.268
88 494.11 880.692 4122236.68642
89 445.87 718.552 2780384.94042
151 427.23 620.148 2105443.18242
153 334.95 563.3 1698725.9525
152 365.7 1411.412 10094155.6587
155 439.28 699.084 2636559.11368
154 259.76 410.004 907991.65768
157 513.99 829.734 3706478.27388
156 463.8 1012.244 5338300.01768
158 580.79 1009.39 5431657.8846
48 566.63 580.871 2008125.15011
49 485.88 631.806 2231973.48258
46 551.36 671.701 2559909.0166
86 288.41 627.23 2050267.6926
44 594.38 682.995 2685698.43452
45 652.71 973.283 5162429.33455
42 609.52 933.358 4727300.41122
43 758.78 727.974 3225477.81178
40 534.76 520.92 1642756.4896
87 316.76 509.034 1395914.96338
142 387.65 1617.786 13236430.2315
143 512.9 840.78 3797621.452
140 195.62 1019.376 5233904.33128
141 197.71 750.0 2851589.2441
77 473.98 1468.418 11005914.154
73 310.13 1179.256 7049404.18458
70 136.81 1298.212 8445488.96082
79 161.52 1552.246 12073426.933
78 116.68 1269.716 8074507.82568
41 580.74 738.908 3067184.10992
47 423.66 448.787 1186536.65244
